   0.1000E-09  ,  0.1000E-09  ,   0.000      ,   0.000      ,   0.000      ,   0.000      ,   0.000      ,   0.000      ,   0.000      ,   0.000      ,   0.000      ,   0.000      ,   0.000      ,   0.000      ,   0.000      ,   0.000      ,   0.000      ,   0.000      ,   0.000      ,   0.000      ,   0.000      ,   0.000      ,   0.000      ,   0.000      ,   0.000      ,   0.000      ,   0.000      ,   0.000      ,   0.000      ,   0.000      ,   0.000      ,   0.000      ,   0.000      ,   0.000      ,   0.000      ,   0.000      ,   0.000      ,   0.000      ,   0.000      ,   0.000      ,   0.000      ,   0.000      ,   0.000      ,   0.000      ,   0.000      ,   0.000      ,   0.000      ,   0.000      ,   0.000      ,   0.000      ,   0.000      ,   0.000      ,
   0.9575      ,  0.9575      ,   0.000      ,   1.000      ,  0.1072      ,  0.5947E-01  ,  0.1078      ,  0.7607E-01  ,  0.6003E-01  ,  0.9352E-01  ,  0.7805E-01  ,  0.7533E-01  ,  0.1182      ,  0.3667E-01  ,  0.5304E-01  , -0.5410E-01  ,  0.8091E-02  ,  0.1343      ,  0.1864      ,  0.1043      , -0.8484E-02  ,  0.3582E-01  ,  0.1438      ,  0.8841E-01  , -0.1042      , -0.9591E-01  ,  0.1388E-01  ,  0.6787E-01  ,  0.5589E-01  ,  0.4577E-02  , -0.5751E-01  , -0.1108      , -0.1448      , -0.1533      , -0.1319      , -0.8107E-01  , -0.1040E-01  ,  0.6196E-01  ,  0.1168      ,  0.1370      ,  0.1075      ,  0.2941E-01  , -0.6520E-01  , -0.1436      , -0.1964      , -0.2256      , -0.2333      , -0.2194      , -0.1831      , -0.1256      , -0.1487E-01  , -0.1487E-01  ,
    2.000      ,   2.000      ,   0.000      ,  0.1072      ,   1.000      ,  0.6427      ,  0.5940      ,  0.5981      ,  0.5633      ,  0.5801      ,  0.5248      ,  0.5808      ,  0.4771      ,  0.4286      ,  0.4556      ,  0.4876      ,  0.5240      ,  0.5334      ,  0.5189      ,  0.4957      ,  0.4811      ,  0.4796      ,  0.4652      ,  0.4082      ,  0.2665      ,  0.1582      ,  0.1253      ,  0.1181      ,  0.1208      ,  0.1260      ,  0.1304      ,  0.1333      ,  0.1341      ,  0.1317      ,  0.1243      ,  0.1100      ,  0.8927E-01  ,  0.6541E-01  ,  0.4267E-01  ,  0.2430E-01  ,  0.1279E-01  ,  0.9799E-02  ,  0.1390E-01  ,  0.2125E-01  ,  0.2904E-01  ,  0.3606E-01  ,  0.4178E-01  ,  0.4563E-01  ,  0.4691E-01  ,  0.4502E-01  ,  0.3637E-01  ,  0.3637E-01  ,
    2.200      ,   2.200      ,   0.000      ,  0.5947E-01  ,  0.6427      ,   1.000      ,  0.7320      ,  0.6917      ,  0.6599      ,  0.6622      ,  0.6064      ,  0.6654      ,  0.5360      ,  0.5023      ,  0.5245      ,  0.5917      ,  0.6196      ,  0.6002      ,  0.5703      ,  0.5615      ,  0.5699      ,  0.5588      ,  0.5177      ,  0.4619      ,  0.3362      ,  0.2071      ,  0.1455      ,  0.1256      ,  0.1307      ,  0.1465      ,  0.1635      ,  0.1770      ,  0.1844      ,  0.1833      ,  0.1709      ,  0.1450      ,  0.1078      ,  0.6671E-01  ,  0.3001E-01  ,  0.4599E-02  , -0.3940E-02  ,  0.6143E-02  ,  0.2753E-01  ,  0.4992E-01  ,  0.6833E-01  ,  0.8170E-01  ,  0.8978E-01  ,  0.9190E-01  ,  0.8710E-01  ,  0.7490E-01  ,  0.4554E-01  ,  0.4554E-01  ,
    2.400      ,   2.400      ,   0.000      ,  0.1078      ,  0.5940      ,  0.7320      ,   1.000      ,  0.7285      ,  0.6577      ,  0.6845      ,  0.6044      ,  0.6849      ,  0.5571      ,  0.5028      ,  0.5413      ,  0.5714      ,  0.6075      ,  0.6205      ,  0.6106      ,  0.5873      ,  0.5654      ,  0.5576      ,  0.5444      ,  0.4837      ,  0.3138      ,  0.1800      ,  0.1422      ,  0.1371      ,  0.1429      ,  0.1499      ,  0.1546      ,  0.1566      ,  0.1558      ,  0.1514      ,  0.1414      ,  0.1242      ,  0.1004      ,  0.7365E-01  ,  0.4857E-01  ,  0.2850E-01  ,  0.1582E-01  ,  0.1209E-01  ,  0.1578E-01  ,  0.2295E-01  ,  0.3073E-01  ,  0.3785E-01  ,  0.4375E-01  ,  0.4787E-01  ,  0.4948E-01  ,  0.4793E-01  ,  0.3974E-01  ,  0.3974E-01  ,
    2.600      ,   2.600      ,   0.000      ,  0.7607E-01  ,  0.5981      ,  0.6917      ,  0.7285      ,   1.000      ,  0.6876      ,  0.6886      ,  0.6216      ,  0.6895      ,  0.5599      ,  0.5155      ,  0.5451      ,  0.5963      ,  0.6296      ,  0.6258      ,  0.6046      ,  0.5878      ,  0.5814      ,  0.5722      ,  0.5442      ,  0.4842      ,  0.3332      ,  0.1989      ,  0.1479      ,  0.1348      ,  0.1402      ,  0.1517      ,  0.1628      ,  0.1708      ,  0.1743      ,  0.1716      ,  0.1602      ,  0.1382      ,  0.1071      ,  0.7231E-01  ,  0.4062E-01  ,  0.1724E-01  ,  0.6246E-02  ,  0.9361E-02  ,  0.2210E-01  ,  0.3720E-01  ,  0.5060E-01  ,  0.6112E-01  ,  0.6832E-01  ,  0.7157E-01  ,  0.7001E-01  ,  0.6303E-01  ,  0.4389E-01  ,  0.4389E-01  ,
    2.800      ,   2.800      ,   0.000      ,  0.6003E-01  ,  0.5633      ,  0.6599      ,  0.6577      ,  0.6876      ,   1.000      ,  0.6797      ,  0.5872      ,  0.6451      ,  0.5347      ,  0.4846      ,  0.5198      ,  0.5572      ,  0.5922      ,  0.5947      ,  0.5755      ,  0.5543      ,  0.5439      ,  0.5394      ,  0.5175      ,  0.4571      ,  0.3075      ,  0.1839      ,  0.1407      ,  0.1298      ,  0.1337      ,  0.1422      ,  0.1504      ,  0.1561      ,  0.1585      ,  0.1561      ,  0.1465      ,  0.1279      ,  0.1011      ,  0.7083E-01  ,  0.4267E-01  ,  0.2109E-01  ,  0.9518E-02  ,  0.9733E-02  ,  0.1863E-01  ,  0.3040E-01  ,  0.4148E-01  ,  0.5063E-01  ,  0.5733E-01  ,  0.6099E-01  ,  0.6077E-01  ,  0.5606E-01  ,  0.4144E-01  ,  0.4144E-01  ,
    3.000      ,   3.000      ,   0.000      ,  0.9352E-01  ,  0.5801      ,  0.6622      ,  0.6845      ,  0.6886      ,  0.6797      ,   1.000      ,  0.6138      ,  0.6699      ,  0.5350      ,  0.4975      ,  0.5295      ,  0.5790      ,  0.6053      ,  0.5989      ,  0.5806      ,  0.5681      ,  0.5621      ,  0.5499      ,  0.5225      ,  0.4678      ,  0.3228      ,  0.1901      ,  0.1399      ,  0.1283      ,  0.1347      ,  0.1469      ,  0.1580      ,  0.1656      ,  0.1686      ,  0.1653      ,  0.1537      ,  0.1318      ,  0.1014      ,  0.6775E-01  ,  0.3742E-01  ,  0.1534E-01  ,  0.5370E-02  ,  0.8970E-02  ,  0.2161E-01  ,  0.3622E-01  ,  0.4901E-01  ,  0.5892E-01  ,  0.6558E-01  ,  0.6842E-01  ,  0.6664E-01  ,  0.5971E-01  ,  0.4116E-01  ,  0.4116E-01  ,
    3.200      ,   3.200      ,   0.000      ,  0.7805E-01  ,  0.5248      ,  0.6064      ,  0.6044      ,  0.6216      ,  0.5872      ,  0.6138      ,   1.000      ,  0.6592      ,  0.5076      ,  0.4308      ,  0.4735      ,  0.4750      ,  0.5204      ,  0.5522      ,  0.5495      ,  0.5175      ,  0.4856      ,  0.4849      ,  0.4847      ,  0.4264      ,  0.2637      ,  0.1510      ,  0.1270      ,  0.1256      ,  0.1288      ,  0.1309      ,  0.1309      ,  0.1296      ,  0.1274      ,  0.1236      ,  0.1167      ,  0.1049      ,  0.8816E-01  ,  0.6866E-01  ,  0.4943E-01  ,  0.3259E-01  ,  0.1963E-01  ,  0.1212E-01  ,  0.1049E-01  ,  0.1295E-01  ,  0.1734E-01  ,  0.2238E-01  ,  0.2743E-01  ,  0.3194E-01  ,  0.3529E-01  ,  0.3678E-01  ,  0.3484E-01  ,  0.3484E-01  ,
    3.400      ,   3.400      ,   0.000      ,  0.7533E-01  ,  0.5808      ,  0.6654      ,  0.6849      ,  0.6895      ,  0.6451      ,  0.6699      ,  0.6592      ,   1.000      ,  0.5201      ,  0.5217      ,  0.5209      ,  0.6252      ,  0.6353      ,  0.5910      ,  0.5538      ,  0.5561      ,  0.5765      ,  0.5608      ,  0.5110      ,  0.4595      ,  0.3431      ,  0.2095      ,  0.1420      ,  0.1210      ,  0.1279      ,  0.1462      ,  0.1653      ,  0.1799      ,  0.1876      ,  0.1860      ,  0.1724      ,  0.1449      ,  0.1062      ,  0.6395E-01  ,  0.2672E-01  ,  0.1541E-02  , -0.5978E-02  ,  0.5636E-02  ,  0.2844E-01  ,  0.5170E-01  ,  0.7047E-01  ,  0.8384E-01  ,  0.9163E-01  ,  0.9326E-01  ,  0.8781E-01  ,  0.7487E-01  ,  0.4447E-01  ,  0.4447E-01  ,
    3.600      ,   3.600      ,   0.000      ,  0.1182      ,  0.4771      ,  0.5360      ,  0.5571      ,  0.5599      ,  0.5347      ,  0.5350      ,  0.5076      ,  0.5201      ,   1.000      ,  0.4115      ,  0.4891      ,  0.4427      ,  0.4491      ,  0.4786      ,  0.4969      ,  0.4854      ,  0.4510      ,  0.4321      ,  0.4328      ,  0.3944      ,  0.2463      ,  0.1289      ,  0.1040      ,  0.1071      ,  0.1157      ,  0.1218      ,  0.1238      ,  0.1225      ,  0.1190      ,  0.1130      ,  0.1037      ,  0.9005E-01  ,  0.7261E-01  ,  0.5391E-01  ,  0.3681E-01  ,  0.2321E-01  ,  0.1420E-01  ,  0.1051E-01  ,  0.1138E-01  ,  0.1468E-01  ,  0.1874E-01  ,  0.2274E-01  ,  0.2632E-01  ,  0.2913E-01  ,  0.3072E-01  ,  0.3065E-01  ,  0.2722E-01  ,  0.2722E-01  ,
    3.800      ,   3.800      ,   0.000      ,  0.3667E-01  ,  0.4286      ,  0.5023      ,  0.5028      ,  0.5155      ,  0.4846      ,  0.4975      ,  0.4308      ,  0.5217      ,  0.4115      ,   1.000      ,  0.4224      ,  0.3981      ,  0.4523      ,  0.4658      ,  0.4455      ,  0.4191      ,  0.4097      ,  0.4139      ,  0.3987      ,  0.3466      ,  0.2308      ,  0.1427      ,  0.1119      ,  0.1023      ,  0.1030      ,  0.1077      ,  0.1130      ,  0.1172      ,  0.1195      ,  0.1185      ,  0.1123      ,  0.9922E-01  ,  0.7972E-01  ,  0.5709E-01  ,  0.3558E-01  ,  0.1857E-01  ,  0.8734E-02  ,  0.7688E-02  ,  0.1352E-01  ,  0.2201E-01  ,  0.3036E-01  ,  0.3750E-01  ,  0.4296E-01  ,  0.4621E-01  ,  0.4659E-01  ,  0.4356E-01  ,  0.3311E-01  ,  0.3311E-01  ,
    4.000      ,   4.000      ,   0.000      ,  0.5304E-01  ,  0.4556      ,  0.5245      ,  0.5413      ,  0.5451      ,  0.5198      ,  0.5295      ,  0.4735      ,  0.5209      ,  0.4891      ,  0.4224      ,   1.000      ,  0.8371      ,  0.6143      ,  0.4445      ,  0.3803      ,  0.4211      ,  0.4849      ,  0.4618      ,  0.3872      ,  0.3536      ,  0.2992      ,  0.1878      ,  0.1122      ,  0.8602E-01  ,  0.9331E-01  ,  0.1154      ,  0.1392      ,  0.1580      ,  0.1684      ,  0.1683      ,  0.1549      ,  0.1270      ,  0.8806E-01  ,  0.4603E-01  ,  0.1002E-01  , -0.1261E-01  , -0.1587E-01  ,  0.1246E-02  ,  0.2906E-01  ,  0.5560E-01  ,  0.7594E-01  ,  0.8955E-01  ,  0.9657E-01  ,  0.9653E-01  ,  0.8863E-01  ,  0.7272E-01  ,  0.3771E-01  ,  0.3771E-01  ,
    4.200      ,   4.200      ,   0.000      , -0.5410E-01  ,  0.4876      ,  0.5917      ,  0.5714      ,  0.5963      ,  0.5572      ,  0.5790      ,  0.4750      ,  0.6252      ,  0.4427      ,  0.3981      ,  0.8371      ,   1.000      ,  0.9001      ,  0.6795      ,  0.4738      ,  0.3951      ,  0.4617      ,  0.5285      ,  0.4657      ,  0.3618      ,  0.2780      ,  0.2193      ,  0.1636      ,  0.1253      ,  0.1119      ,  0.1165      ,  0.1303      ,  0.1463      ,  0.1600      ,  0.1674      ,  0.1644      ,  0.1476      ,  0.1176      ,  0.8034E-01  ,  0.4394E-01  ,  0.1555E-01  ,  0.1412E-02  ,  0.5119E-02  ,  0.2190E-01  ,  0.4238E-01  ,  0.6096E-01  ,  0.7578E-01  ,  0.8610E-01  ,  0.9099E-01  ,  0.8917E-01  ,  0.7984E-01  ,  0.5367E-01  ,  0.5367E-01  ,
    4.400      ,   4.400      ,   0.000      ,  0.8091E-02  ,  0.5240      ,  0.6196      ,  0.6075      ,  0.6296      ,  0.5922      ,  0.6053      ,  0.5204      ,  0.6353      ,  0.4491      ,  0.4523      ,  0.6143      ,  0.9001      ,   1.000      ,  0.9087      ,  0.6982      ,  0.4920      ,  0.4270      ,  0.5109      ,  0.5393      ,  0.4240      ,  0.2297      ,  0.1628      ,  0.1595      ,  0.1510      ,  0.1390      ,  0.1280      ,  0.1205      ,  0.1172      ,  0.1173      ,  0.1189      ,  0.1194      ,  0.1153      ,  0.1049      ,  0.8887E-01  ,  0.6965E-01  ,  0.4934E-01  ,  0.2974E-01  ,  0.1418E-01  ,  0.6119E-02  ,  0.5232E-02  ,  0.8872E-02  ,  0.1492E-01  ,  0.2214E-01  ,  0.2968E-01  ,  0.3660E-01  ,  0.4179E-01  ,  0.4448E-01  ,  0.4448E-01  ,
    4.600      ,   4.600      ,   0.000      ,  0.1343      ,  0.5334      ,  0.6002      ,  0.6205      ,  0.6258      ,  0.5947      ,  0.5989      ,  0.5522      ,  0.5910      ,  0.4786      ,  0.4658      ,  0.4445      ,  0.6795      ,  0.9087      ,   1.000      ,  0.9099      ,  0.6781      ,  0.4567      ,  0.4350      ,  0.5247      ,  0.4810      ,  0.2316      ,  0.9779E-01  ,  0.1095      ,  0.1333      ,  0.1430      ,  0.1390      ,  0.1276      ,  0.1144      ,  0.1027      ,  0.9340E-01  ,  0.8593E-01  ,  0.7914E-01  ,  0.7198E-01  ,  0.6406E-01  ,  0.5527E-01  ,  0.4486E-01  ,  0.3166E-01  ,  0.1649E-01  ,  0.3341E-02  , -0.4982E-02  , -0.8743E-02  , -0.9047E-02  , -0.6633E-02  , -0.1877E-02  ,  0.4864E-02  ,  0.1290E-01  ,  0.2502E-01  ,  0.2502E-01  ,
    4.800      ,   4.800      ,   0.000      ,  0.1864      ,  0.5189      ,  0.5703      ,  0.6106      ,  0.6046      ,  0.5755      ,  0.5806      ,  0.5495      ,  0.5538      ,  0.4969      ,  0.4455      ,  0.3803      ,  0.4738      ,  0.6982      ,  0.9099      ,   1.000      ,  0.8896      ,  0.6086      ,  0.3969      ,  0.4238      ,  0.4772      ,  0.3040      ,  0.1046      ,  0.6890E-01  ,  0.9122E-01  ,  0.1209      ,  0.1410      ,  0.1488      ,  0.1468      ,  0.1382      ,  0.1244      ,  0.1056      ,  0.8251E-01  ,  0.5746E-01  ,  0.3451E-01  ,  0.1707E-01  ,  0.6974E-02  ,  0.4883E-02  ,  0.9590E-02  ,  0.1712E-01  ,  0.2383E-01  ,  0.2859E-01  ,  0.3151E-01  ,  0.3277E-01  ,  0.3236E-01  ,  0.3015E-01  ,  0.2609E-01  ,  0.1756E-01  ,  0.1756E-01  ,
    5.000      ,   5.000      ,   0.000      ,  0.1043      ,  0.4957      ,  0.5615      ,  0.5873      ,  0.5878      ,  0.5543      ,  0.5681      ,  0.5175      ,  0.5561      ,  0.4854      ,  0.4191      ,  0.4211      ,  0.3951      ,  0.4920      ,  0.6781      ,  0.8896      ,   1.000      ,  0.8544      ,  0.5142      ,  0.3351      ,  0.3813      ,  0.3698      ,  0.1959      ,  0.9426E-01  ,  0.7439E-01  ,  0.9584E-01  ,  0.1293      ,  0.1589      ,  0.1784      ,  0.1862      ,  0.1811      ,  0.1615      ,  0.1272      ,  0.8290E-01  ,  0.3763E-01  ,  0.8349E-03  , -0.2026E-01  , -0.2009E-01  ,  0.1150E-02  ,  0.3204E-01  ,  0.5992E-01  ,  0.8023E-01  ,  0.9298E-01  ,  0.9862E-01  ,  0.9693E-01  ,  0.8729E-01  ,  0.6978E-01  ,  0.3320E-01  ,  0.3320E-01  ,
    5.200      ,   5.200      ,   0.000      , -0.8484E-02  ,  0.4811      ,  0.5699      ,  0.5654      ,  0.5814      ,  0.5439      ,  0.5621      ,  0.4856      ,  0.5765      ,  0.4510      ,  0.4097      ,  0.4849      ,  0.4617      ,  0.4270      ,  0.4567      ,  0.6086      ,  0.8544      ,   1.000      ,  0.8063      ,  0.4485      ,  0.2816      ,  0.2886      ,  0.2463      ,  0.1632      ,  0.1125      ,  0.9973E-01  ,  0.1103      ,  0.1304      ,  0.1509      ,  0.1667      ,  0.1740      ,  0.1687      ,  0.1483      ,  0.1141      ,  0.7330E-01  ,  0.3489E-01  ,  0.6617E-02  , -0.4905E-02  ,  0.3356E-02  ,  0.2477E-01  ,  0.4850E-01  ,  0.6881E-01  ,  0.8416E-01  ,  0.9405E-01  ,  0.9767E-01  ,  0.9384E-01  ,  0.8193E-01  ,  0.5158E-01  ,  0.5158E-01  ,
    5.400      ,   5.400      ,   0.000      ,  0.3582E-01  ,  0.4796      ,  0.5588      ,  0.5576      ,  0.5722      ,  0.5394      ,  0.5499      ,  0.4849      ,  0.5608      ,  0.4321      ,  0.4139      ,  0.4618      ,  0.5285      ,  0.5109      ,  0.4350      ,  0.3969      ,  0.5142      ,  0.8063      ,   1.000      ,  0.8009      ,  0.4230      ,  0.1341      ,  0.1232      ,  0.1497      ,  0.1459      ,  0.1303      ,  0.1139      ,  0.1018      ,  0.9523E-01  ,  0.9347E-01  ,  0.9476E-01  ,  0.9654E-01  ,  0.9578E-01  ,  0.9020E-01  ,  0.7961E-01  ,  0.6537E-01  ,  0.4868E-01  ,  0.3058E-01  ,  0.1407E-01  ,  0.3450E-02  , -0.2878E-03  ,  0.9057E-03  ,  0.5082E-02  ,  0.1106E-01  ,  0.1807E-01  ,  0.2530E-01  ,  0.3173E-01  ,  0.3775E-01  ,  0.3775E-01  ,
    5.600      ,   5.600      ,   0.000      ,  0.1438      ,  0.4652      ,  0.5177      ,  0.5444      ,  0.5442      ,  0.5175      ,  0.5225      ,  0.4847      ,  0.5110      ,  0.4328      ,  0.3987      ,  0.3872      ,  0.4657      ,  0.5393      ,  0.5247      ,  0.4238      ,  0.3351      ,  0.4485      ,  0.8009      ,   1.000      ,  0.7972      ,  0.2822      ,  0.5884E-01  ,  0.8685E-01  ,  0.1362      ,  0.1661      ,  0.1748      ,  0.1692      ,  0.1568      ,  0.1419      ,  0.1263      ,  0.1099      ,  0.9239E-01  ,  0.7430E-01  ,  0.5743E-01  ,  0.4327E-01  ,  0.3204E-01  ,  0.2314E-01  ,  0.1622E-01  ,  0.1167E-01  ,  0.9529E-02  ,  0.9212E-02  ,  0.1015E-01  ,  0.1200E-01  ,  0.1455E-01  ,  0.1751E-01  ,  0.2047E-01  ,  0.2389E-01  ,  0.2389E-01  ,
    5.800      ,   5.800      ,   0.000      ,  0.8841E-01  ,  0.4082      ,  0.4619      ,  0.4837      ,  0.4842      ,  0.4571      ,  0.4678      ,  0.4264      ,  0.4595      ,  0.3944      ,  0.3466      ,  0.3536      ,  0.3618      ,  0.4240      ,  0.4810      ,  0.4772      ,  0.3813      ,  0.2816      ,  0.4230      ,  0.7972      ,   1.000      ,  0.7070      ,  0.3090      ,  0.1895      ,  0.1939      ,  0.2373      ,  0.2815      ,  0.3121      ,  0.3268      ,  0.3268      ,  0.3118      ,  0.2796      ,  0.2295      ,  0.1663      ,  0.1016      ,  0.4723E-01  ,  0.1164E-01  ,  0.7762E-03  ,  0.1495E-01  ,  0.4298E-01  ,  0.7116E-01  ,  0.9357E-01  ,  0.1093      ,  0.1184      ,  0.1203      ,  0.1139      ,  0.9876E-01  ,  0.6333E-01  ,  0.6333E-01  ,
    6.000      ,   6.000      ,   0.000      , -0.1042      ,  0.2665      ,  0.3362      ,  0.3138      ,  0.3332      ,  0.3075      ,  0.3228      ,  0.2637      ,  0.3431      ,  0.2463      ,  0.2308      ,  0.2992      ,  0.2780      ,  0.2297      ,  0.2316      ,  0.3040      ,  0.3698      ,  0.2886      ,  0.1341      ,  0.2822      ,  0.7070      ,   1.000      ,  0.8119      ,  0.5919      ,  0.4762      ,  0.4399      ,  0.4442      ,  0.4633      ,  0.4840      ,  0.4992      ,  0.5016      ,  0.4825      ,  0.4339      ,  0.3567      ,  0.2640      ,  0.1731      ,  0.9810E-01  ,  0.4975E-01  ,  0.3594E-01  ,  0.5180E-01  ,  0.8173E-01  ,  0.1139      ,  0.1432      ,  0.1673      ,  0.1837      ,  0.1897      ,  0.1826      ,  0.1481      ,  0.1481      ,
    6.500      ,   6.500      ,   0.000      , -0.9591E-01  ,  0.1582      ,  0.2071      ,  0.1800      ,  0.1989      ,  0.1839      ,  0.1901      ,  0.1510      ,  0.2095      ,  0.1289      ,  0.1427      ,  0.1878      ,  0.2193      ,  0.1628      ,  0.9779E-01  ,  0.1046      ,  0.1959      ,  0.2463      ,  0.1232      ,  0.5884E-01  ,  0.3090      ,  0.8119      ,   1.000      ,  0.9225      ,  0.8031      ,  0.7023      ,  0.6260      ,  0.5732      ,  0.5414      ,  0.5254      ,  0.5174      ,  0.5063      ,  0.4802      ,  0.4323      ,  0.3661      ,  0.2904      ,  0.2118      ,  0.1348      ,  0.6991E-01  ,  0.3136E-01  ,  0.2031E-01  ,  0.2798E-01  ,  0.4660E-01  ,  0.7157E-01  ,  0.9982E-01  ,  0.1280      ,  0.1521      ,  0.1722      ,  0.1722      ,
    7.000      ,   7.000      ,   0.000      ,  0.1388E-01  ,  0.1253      ,  0.1455      ,  0.1422      ,  0.1479      ,  0.1407      ,  0.1399      ,  0.1270      ,  0.1420      ,  0.1040      ,  0.1119      ,  0.1122      ,  0.1636      ,  0.1595      ,  0.1095      ,  0.6890E-01  ,  0.9426E-01  ,  0.1632      ,  0.1497      ,  0.8685E-01  ,  0.1895      ,  0.5919      ,  0.9225      ,   1.000      ,  0.9609      ,  0.8798      ,  0.7852      ,  0.6962      ,  0.6239      ,  0.5706      ,  0.5315      ,  0.4980      ,  0.4599      ,  0.4109      ,  0.3522      ,  0.2885      ,  0.2215      ,  0.1504      ,  0.8215E-01  ,  0.3243E-01  ,  0.7934E-02  ,  0.3494E-02  ,  0.1254E-01  ,  0.3097E-01  ,  0.5626E-01  ,  0.8578E-01  ,  0.1158      ,  0.1521      ,  0.1521      ,
    7.500      ,   7.500      ,   0.000      ,  0.6787E-01  ,  0.1181      ,  0.1256      ,  0.1371      ,  0.1348      ,  0.1298      ,  0.1283      ,  0.1256      ,  0.1210      ,  0.1071      ,  0.1023      ,  0.8602E-01  ,  0.1253      ,  0.1510      ,  0.1333      ,  0.9122E-01  ,  0.7439E-01  ,  0.1125      ,  0.1459      ,  0.1362      ,  0.1939      ,  0.4762      ,  0.8031      ,  0.9609      ,   1.000      ,  0.9718      ,  0.9040      ,  0.8202      ,  0.7383      ,  0.6657      ,  0.6005      ,  0.5360      ,  0.4653      ,  0.3872      ,  0.3081      ,  0.2356      ,  0.1726      ,  0.1187      ,  0.7618E-01  ,  0.5047E-01  ,  0.4146E-01  ,  0.4416E-01  ,  0.5414E-01  ,  0.6882E-01  ,  0.8639E-01  ,  0.1048      ,  0.1212      ,  0.1366      ,  0.1366      ,
    8.000      ,   8.000      ,   0.000      ,  0.5589E-01  ,  0.1208      ,  0.1307      ,  0.1429      ,  0.1402      ,  0.1337      ,  0.1347      ,  0.1288      ,  0.1279      ,  0.1157      ,  0.1030      ,  0.9331E-01  ,  0.1119      ,  0.1390      ,  0.1430      ,  0.1209      ,  0.9584E-01  ,  0.9973E-01  ,  0.1303      ,  0.1661      ,  0.2373      ,  0.4399      ,  0.7023      ,  0.8798      ,  0.9718      ,   1.000      ,  0.9769      ,  0.9217      ,  0.8526      ,  0.7789      ,  0.7004      ,  0.6111      ,  0.5063      ,  0.3906      ,  0.2783      ,  0.1837      ,  0.1146      ,  0.7407E-01  ,  0.6219E-01  ,  0.7118E-01  ,  0.8921E-01  ,  0.1088      ,  0.1270      ,  0.1425      ,  0.1540      ,  0.1596      ,  0.1573      ,  0.1385      ,  0.1385      ,
    8.500      ,   8.500      ,   0.000      ,  0.4577E-02  ,  0.1260      ,  0.1465      ,  0.1499      ,  0.1517      ,  0.1422      ,  0.1469      ,  0.1309      ,  0.1462      ,  0.1218      ,  0.1077      ,  0.1154      ,  0.1165      ,  0.1280      ,  0.1390      ,  0.1410      ,  0.1293      ,  0.1103      ,  0.1139      ,  0.1748      ,  0.2815      ,  0.4442      ,  0.6260      ,  0.7852      ,  0.9040      ,  0.9769      ,   1.000      ,  0.9819      ,  0.9380      ,  0.8773      ,  0.7994      ,  0.6983      ,  0.5699      ,  0.4228      ,  0.2784      ,  0.1582      ,  0.7559E-01  ,  0.3884E-01  ,  0.4800E-01  ,  0.8553E-01  ,  0.1286      ,  0.1660      ,  0.1950      ,  0.2151      ,  0.2249      ,  0.2221      ,  0.2051      ,  0.1563      ,  0.1563      ,
    9.000      ,   9.000      ,   0.000      , -0.5751E-01  ,  0.1304      ,  0.1635      ,  0.1546      ,  0.1628      ,  0.1504      ,  0.1580      ,  0.1309      ,  0.1653      ,  0.1238      ,  0.1130      ,  0.1392      ,  0.1303      ,  0.1205      ,  0.1276      ,  0.1488      ,  0.1589      ,  0.1304      ,  0.1018      ,  0.1692      ,  0.3121      ,  0.4633      ,  0.5732      ,  0.6962      ,  0.8202      ,  0.9217      ,  0.9819      ,   1.000      ,  0.9855      ,  0.9462      ,  0.8809      ,  0.7823      ,  0.6454      ,  0.4802      ,  0.3127      ,  0.1698      ,  0.6989E-01  ,  0.2568E-01  ,  0.3975E-01  ,  0.9083E-01  ,  0.1492      ,  0.1997      ,  0.2388      ,  0.2656      ,  0.2783      ,  0.2741      ,  0.2510      ,  0.1858      ,  0.1858      ,
    9.500      ,   9.500      ,   0.000      , -0.1108      ,  0.1333      ,  0.1770      ,  0.1566      ,  0.1708      ,  0.1561      ,  0.1656      ,  0.1296      ,  0.1799      ,  0.1225      ,  0.1172      ,  0.1580      ,  0.1463      ,  0.1172      ,  0.1144      ,  0.1468      ,  0.1784      ,  0.1509      ,  0.9523E-01  ,  0.1568      ,  0.3268      ,  0.4840      ,  0.5414      ,  0.6239      ,  0.7383      ,  0.8526      ,  0.9380      ,  0.9855      ,   1.000      ,  0.9862      ,  0.9421      ,  0.8586      ,  0.7284      ,  0.5601      ,  0.3809      ,  0.2211      ,  0.1023      ,  0.4033E-01  ,  0.4199E-01  ,  0.8893E-01  ,  0.1498      ,  0.2063      ,  0.2527      ,  0.2871      ,  0.3069      ,  0.3085      ,  0.2888      ,  0.2233      ,  0.2233      ,
    10.00      ,   10.00      ,   0.000      , -0.1448      ,  0.1341      ,  0.1844      ,  0.1558      ,  0.1743      ,  0.1585      ,  0.1686      ,  0.1274      ,  0.1876      ,  0.1190      ,  0.1195      ,  0.1684      ,  0.1600      ,  0.1173      ,  0.1027      ,  0.1382      ,  0.1862      ,  0.1667      ,  0.9347E-01  ,  0.1419      ,  0.3268      ,  0.4992      ,  0.5254      ,  0.5706      ,  0.6657      ,  0.7789      ,  0.8773      ,  0.9462      ,  0.9862      ,   1.000      ,  0.9835      ,  0.9259      ,  0.8165      ,  0.6597      ,  0.4811      ,  0.3115      ,  0.1740      ,  0.8573E-01  ,  0.5875E-01  ,  0.8384E-01  ,  0.1337      ,  0.1880      ,  0.2379      ,  0.2797      ,  0.3097      ,  0.3233      ,  0.3161      ,  0.2662      ,  0.2662      ,
    10.50      ,   10.50      ,   0.000      , -0.1533      ,  0.1317      ,  0.1833      ,  0.1514      ,  0.1716      ,  0.1561      ,  0.1653      ,  0.1236      ,  0.1860      ,  0.1130      ,  0.1185      ,  0.1683      ,  0.1674      ,  0.1189      ,  0.9340E-01  ,  0.1244      ,  0.1811      ,  0.1740      ,  0.9476E-01  ,  0.1263      ,  0.3118      ,  0.5016      ,  0.5174      ,  0.5315      ,  0.6005      ,  0.7004      ,  0.7994      ,  0.8809      ,  0.9421      ,  0.9835      ,   1.000      ,  0.9780      ,  0.9028      ,  0.7728      ,  0.6082      ,  0.4383      ,  0.2849      ,  0.1645      ,  0.9463E-01  ,  0.8092E-01  ,  0.1060      ,  0.1488      ,  0.1973      ,  0.2450      ,  0.2871      ,  0.3177      ,  0.3306      ,  0.3107      ,  0.3107      ,
    11.00      ,   11.00      ,   0.000      , -0.1319      ,  0.1243      ,  0.1709      ,  0.1414      ,  0.1602      ,  0.1465      ,  0.1537      ,  0.1167      ,  0.1724      ,  0.1037      ,  0.1123      ,  0.1549      ,  0.1644      ,  0.1194      ,  0.8593E-01  ,  0.1056      ,  0.1615      ,  0.1687      ,  0.9654E-01  ,  0.1099      ,  0.2796      ,  0.4825      ,  0.5063      ,  0.4980      ,  0.5360      ,  0.6111      ,  0.6983      ,  0.7823      ,  0.8586      ,  0.9259      ,  0.9780      ,   1.000      ,  0.9718      ,  0.8842      ,  0.7495      ,  0.5919      ,  0.4301      ,  0.2768      ,  0.1545      ,  0.8749E-01  ,  0.7434E-01  ,  0.9595E-01  ,  0.1366      ,  0.1869      ,  0.2406      ,  0.2906      ,  0.3289      ,  0.3505      ,  0.3505      ,
    11.50      ,   11.50      ,   0.000      , -0.8107E-01  ,  0.1100      ,  0.1450      ,  0.1242      ,  0.1382      ,  0.1279      ,  0.1318      ,  0.1049      ,  0.1449      ,  0.9005E-01  ,  0.9922E-01  ,  0.1270      ,  0.1476      ,  0.1153      ,  0.7914E-01  ,  0.8251E-01  ,  0.1272      ,  0.1483      ,  0.9578E-01  ,  0.9239E-01  ,  0.2295      ,  0.4339      ,  0.4802      ,  0.4599      ,  0.4653      ,  0.5063      ,  0.5699      ,  0.6454      ,  0.7284      ,  0.8165      ,  0.9028      ,  0.9718      ,   1.000      ,  0.9685      ,  0.8799      ,  0.7508      ,  0.5940      ,  0.4160      ,  0.2408      ,  0.1132      ,  0.5210E-01  ,  0.4341E-01  ,  0.6874E-01  ,  0.1161      ,  0.1775      ,  0.2452      ,  0.3091      ,  0.3764      ,  0.3764      ,
    12.00      ,   12.00      ,   0.000      , -0.1040E-01  ,  0.8927E-01  ,  0.1078      ,  0.1004      ,  0.1071      ,  0.1011      ,  0.1014      ,  0.8816E-01  ,  0.1062      ,  0.7261E-01  ,  0.7972E-01  ,  0.8806E-01  ,  0.1176      ,  0.1049      ,  0.7198E-01  ,  0.5746E-01  ,  0.8290E-01  ,  0.1141      ,  0.9020E-01  ,  0.7430E-01  ,  0.1663      ,  0.3567      ,  0.4323      ,  0.4109      ,  0.3872      ,  0.3906      ,  0.4228      ,  0.4802      ,  0.5601      ,  0.6597      ,  0.7728      ,  0.8842      ,  0.9685      ,   1.000      ,  0.9691      ,  0.8844      ,  0.7508      ,  0.5661      ,  0.3515      ,  0.1684      ,  0.5767E-01  ,  0.1355E-01  ,  0.1706E-01  ,  0.5416E-01  ,  0.1158      ,  0.1937      ,  0.2765      ,  0.3822      ,  0.3822      ,
    12.50      ,   12.50      ,   0.000      ,  0.6196E-01  ,  0.6541E-01  ,  0.6671E-01  ,  0.7365E-01  ,  0.7231E-01  ,  0.7083E-01  ,  0.6775E-01  ,  0.6866E-01  ,  0.6395E-01  ,  0.5391E-01  ,  0.5709E-01  ,  0.4603E-01  ,  0.8034E-01  ,  0.8887E-01  ,  0.6406E-01  ,  0.3451E-01  ,  0.3763E-01  ,  0.7330E-01  ,  0.7961E-01  ,  0.5743E-01  ,  0.1016      ,  0.2640      ,  0.3661      ,  0.3522      ,  0.3081      ,  0.2783      ,  0.2784      ,  0.3127      ,  0.3809      ,  0.4811      ,  0.6082      ,  0.7495      ,  0.8799      ,  0.9691      ,   1.000      ,  0.9698      ,  0.8778      ,  0.7113      ,  0.4828      ,  0.2622      ,  0.1098      ,  0.3113E-01  ,  0.9147E-02  ,  0.2919E-01  ,  0.8160E-01  ,  0.1578      ,  0.2463      ,  0.3711      ,  0.3711      ,
    13.00      ,   13.00      ,   0.000      ,  0.1168      ,  0.4267E-01  ,  0.3001E-01  ,  0.4857E-01  ,  0.4062E-01  ,  0.4267E-01  ,  0.3742E-01  ,  0.4943E-01  ,  0.2672E-01  ,  0.3681E-01  ,  0.3558E-01  ,  0.1002E-01  ,  0.4394E-01  ,  0.6965E-01  ,  0.5527E-01  ,  0.1707E-01  ,  0.8349E-03  ,  0.3489E-01  ,  0.6537E-01  ,  0.4327E-01  ,  0.4723E-01  ,  0.1731      ,  0.2904      ,  0.2885      ,  0.2356      ,  0.1837      ,  0.1582      ,  0.1698      ,  0.2211      ,  0.3115      ,  0.4383      ,  0.5919      ,  0.7508      ,  0.8844      ,  0.9698      ,   1.000      ,  0.9644      ,  0.8432      ,  0.6334      ,  0.4021      ,  0.2238      ,  0.1168      ,  0.6910E-01  ,  0.6698E-01  ,  0.1006      ,  0.1615      ,  0.2386      ,  0.3547      ,  0.3547      ,
    13.50      ,   13.50      ,   0.000      ,  0.1370      ,  0.2430E-01  ,  0.4599E-02  ,  0.2850E-01  ,  0.1724E-01  ,  0.2109E-01  ,  0.1534E-01  ,  0.3259E-01  ,  0.1541E-02  ,  0.2321E-01  ,  0.1857E-01  , -0.1261E-01  ,  0.1555E-01  ,  0.4934E-01  ,  0.4486E-01  ,  0.6974E-02  , -0.2026E-01  ,  0.6617E-02  ,  0.4868E-01  ,  0.3204E-01  ,  0.1164E-01  ,  0.9810E-01  ,  0.2118      ,  0.2215      ,  0.1726      ,  0.1146      ,  0.7559E-01  ,  0.6989E-01  ,  0.1023      ,  0.1740      ,  0.2849      ,  0.4301      ,  0.5940      ,  0.7508      ,  0.8778      ,  0.9644      ,   1.000      ,  0.9506      ,  0.7974      ,  0.5895      ,  0.4076      ,  0.2838      ,  0.2140      ,  0.1870      ,  0.1935      ,  0.2249      ,  0.2715      ,  0.3458      ,  0.3458      ,
    14.00      ,   14.00      ,   0.000      ,  0.1075      ,  0.1279E-01  , -0.3940E-02  ,  0.1582E-01  ,  0.6246E-02  ,  0.9518E-02  ,  0.5370E-02  ,  0.1963E-01  , -0.5978E-02  ,  0.1420E-01  ,  0.8734E-02  , -0.1587E-01  ,  0.1412E-02  ,  0.2974E-01  ,  0.3166E-01  ,  0.4883E-02  , -0.2009E-01  , -0.4905E-02  ,  0.3058E-01  ,  0.2314E-01  ,  0.7762E-03  ,  0.4975E-01  ,  0.1348      ,  0.1504      ,  0.1187      ,  0.7407E-01  ,  0.3884E-01  ,  0.2568E-01  ,  0.4033E-01  ,  0.8573E-01  ,  0.1645      ,  0.2768      ,  0.4160      ,  0.5661      ,  0.7113      ,  0.8432      ,  0.9506      ,   1.000      ,  0.9404      ,  0.7968      ,  0.6421      ,  0.5205      ,  0.4382      ,  0.3885      ,  0.3631      ,  0.3536      ,  0.3520      ,  0.3514      ,  0.3514      ,
    14.50      ,   14.50      ,   0.000      ,  0.2941E-01  ,  0.9799E-02  ,  0.6143E-02  ,  0.1209E-01  ,  0.9361E-02  ,  0.9733E-02  ,  0.8970E-02  ,  0.1212E-01  ,  0.5636E-02  ,  0.1051E-01  ,  0.7688E-02  ,  0.1246E-02  ,  0.5119E-02  ,  0.1418E-01  ,  0.1649E-01  ,  0.9590E-02  ,  0.1150E-02  ,  0.3356E-02  ,  0.1407E-01  ,  0.1622E-01  ,  0.1495E-01  ,  0.3594E-01  ,  0.6991E-01  ,  0.8215E-01  ,  0.7618E-01  ,  0.6219E-01  ,  0.4800E-01  ,  0.3975E-01  ,  0.4199E-01  ,  0.5875E-01  ,  0.9463E-01  ,  0.1545      ,  0.2408      ,  0.3515      ,  0.4828      ,  0.6334      ,  0.7974      ,  0.9404      ,   1.000      ,  0.9502      ,  0.8535      ,  0.7579      ,  0.6798      ,  0.6179      ,  0.5655      ,  0.5148      ,  0.4599      ,  0.3692      ,  0.3692      ,
    15.00      ,   15.00      ,   0.000      , -0.6520E-01  ,  0.1390E-01  ,  0.2753E-01  ,  0.1578E-01  ,  0.2210E-01  ,  0.1863E-01  ,  0.2161E-01  ,  0.1049E-01  ,  0.2844E-01  ,  0.1138E-01  ,  0.1352E-01  ,  0.2906E-01  ,  0.2190E-01  ,  0.6119E-02  ,  0.3341E-02  ,  0.1712E-01  ,  0.3204E-01  ,  0.2477E-01  ,  0.3450E-02  ,  0.1167E-01  ,  0.4298E-01  ,  0.5180E-01  ,  0.3136E-01  ,  0.3243E-01  ,  0.5047E-01  ,  0.7118E-01  ,  0.8553E-01  ,  0.9083E-01  ,  0.8893E-01  ,  0.8384E-01  ,  0.8092E-01  ,  0.8749E-01  ,  0.1132      ,  0.1684      ,  0.2622      ,  0.4021      ,  0.5895      ,  0.7968      ,  0.9502      ,   1.000      ,  0.9691      ,  0.9140      ,  0.8551      ,  0.7958      ,  0.7311      ,  0.6539      ,  0.5597      ,  0.3969      ,  0.3969      ,
    15.50      ,   15.50      ,   0.000      , -0.1436      ,  0.2125E-01  ,  0.4992E-01  ,  0.2295E-01  ,  0.3720E-01  ,  0.3040E-01  ,  0.3622E-01  ,  0.1295E-01  ,  0.5170E-01  ,  0.1468E-01  ,  0.2201E-01  ,  0.5560E-01  ,  0.4238E-01  ,  0.5232E-02  , -0.4982E-02  ,  0.2383E-01  ,  0.5992E-01  ,  0.4850E-01  , -0.2878E-03  ,  0.9529E-02  ,  0.7116E-01  ,  0.8173E-01  ,  0.2031E-01  ,  0.7934E-02  ,  0.4146E-01  ,  0.8921E-01  ,  0.1286      ,  0.1492      ,  0.1498      ,  0.1337      ,  0.1060      ,  0.7434E-01  ,  0.5210E-01  ,  0.5767E-01  ,  0.1098      ,  0.2238      ,  0.4076      ,  0.6421      ,  0.8535      ,  0.9691      ,   1.000      ,  0.9818      ,  0.9474      ,  0.9008      ,  0.8383      ,  0.7529      ,  0.6408      ,  0.4384      ,  0.4384      ,
    16.00      ,   16.00      ,   0.000      , -0.1964      ,  0.2904E-01  ,  0.6833E-01  ,  0.3073E-01  ,  0.5060E-01  ,  0.4148E-01  ,  0.4901E-01  ,  0.1734E-01  ,  0.7047E-01  ,  0.1874E-01  ,  0.3036E-01  ,  0.7594E-01  ,  0.6096E-01  ,  0.8872E-02  , -0.8743E-02  ,  0.2859E-01  ,  0.8023E-01  ,  0.6881E-01  ,  0.9057E-03  ,  0.9212E-02  ,  0.9357E-01  ,  0.1139      ,  0.2798E-01  ,  0.3494E-02  ,  0.4416E-01  ,  0.1088      ,  0.1660      ,  0.1997      ,  0.2063      ,  0.1880      ,  0.1488      ,  0.9595E-01  ,  0.4341E-01  ,  0.1355E-01  ,  0.3113E-01  ,  0.1168      ,  0.2838      ,  0.5205      ,  0.7579      ,  0.9140      ,  0.9818      ,   1.000      ,  0.9868      ,  0.9574      ,  0.9063      ,  0.8262      ,  0.7129      ,  0.4977      ,  0.4977      ,
    16.50      ,   16.50      ,   0.000      , -0.2256      ,  0.3606E-01  ,  0.8170E-01  ,  0.3785E-01  ,  0.6112E-01  ,  0.5063E-01  ,  0.5892E-01  ,  0.2238E-01  ,  0.8384E-01  ,  0.2274E-01  ,  0.3750E-01  ,  0.8955E-01  ,  0.7578E-01  ,  0.1492E-01  , -0.9047E-02  ,  0.3151E-01  ,  0.9298E-01  ,  0.8416E-01  ,  0.5082E-02  ,  0.1015E-01  ,  0.1093      ,  0.1432      ,  0.4660E-01  ,  0.1254E-01  ,  0.5414E-01  ,  0.1270      ,  0.1950      ,  0.2388      ,  0.2527      ,  0.2379      ,  0.1973      ,  0.1366      ,  0.6874E-01  ,  0.1706E-01  ,  0.9147E-02  ,  0.6910E-01  ,  0.2140      ,  0.4382      ,  0.6798      ,  0.8551      ,  0.9474      ,  0.9868      ,   1.000      ,  0.9872      ,  0.9531      ,  0.8874      ,  0.7845      ,  0.5753      ,  0.5753      ,
    17.00      ,   17.00      ,   0.000      , -0.2333      ,  0.4178E-01  ,  0.8978E-01  ,  0.4375E-01  ,  0.6832E-01  ,  0.5733E-01  ,  0.6558E-01  ,  0.2743E-01  ,  0.9163E-01  ,  0.2632E-01  ,  0.4296E-01  ,  0.9657E-01  ,  0.8610E-01  ,  0.2214E-01  , -0.6633E-02  ,  0.3277E-01  ,  0.9862E-01  ,  0.9405E-01  ,  0.1106E-01  ,  0.1200E-01  ,  0.1184      ,  0.1673      ,  0.7157E-01  ,  0.3097E-01  ,  0.6882E-01  ,  0.1425      ,  0.2151      ,  0.2656      ,  0.2871      ,  0.2797      ,  0.2450      ,  0.1869      ,  0.1161      ,  0.5416E-01  ,  0.2919E-01  ,  0.6698E-01  ,  0.1870      ,  0.3885      ,  0.6179      ,  0.7958      ,  0.9008      ,  0.9574      ,  0.9872      ,   1.000      ,  0.9846      ,  0.9403      ,  0.8571      ,  0.6687      ,  0.6687      ,
    17.50      ,   17.50      ,   0.000      , -0.2194      ,  0.4563E-01  ,  0.9190E-01  ,  0.4787E-01  ,  0.7157E-01  ,  0.6099E-01  ,  0.6842E-01  ,  0.3194E-01  ,  0.9326E-01  ,  0.2913E-01  ,  0.4621E-01  ,  0.9653E-01  ,  0.9099E-01  ,  0.2968E-01  , -0.1877E-02  ,  0.3236E-01  ,  0.9693E-01  ,  0.9767E-01  ,  0.1807E-01  ,  0.1455E-01  ,  0.1203      ,  0.1837      ,  0.9982E-01  ,  0.5626E-01  ,  0.8639E-01  ,  0.1540      ,  0.2249      ,  0.2783      ,  0.3069      ,  0.3097      ,  0.2871      ,  0.2406      ,  0.1775      ,  0.1158      ,  0.8160E-01  ,  0.1006      ,  0.1935      ,  0.3631      ,  0.5655      ,  0.7311      ,  0.8383      ,  0.9063      ,  0.9531      ,  0.9846      ,   1.000      ,  0.9805      ,  0.9252      ,  0.7716      ,  0.7716      ,
    18.00      ,   18.00      ,   0.000      , -0.1831      ,  0.4691E-01  ,  0.8710E-01  ,  0.4948E-01  ,  0.7001E-01  ,  0.6077E-01  ,  0.6664E-01  ,  0.3529E-01  ,  0.8781E-01  ,  0.3072E-01  ,  0.4659E-01  ,  0.8863E-01  ,  0.8917E-01  ,  0.3660E-01  ,  0.4864E-02  ,  0.3015E-01  ,  0.8729E-01  ,  0.9384E-01  ,  0.2530E-01  ,  0.1751E-01  ,  0.1139      ,  0.1897      ,  0.1280      ,  0.8578E-01  ,  0.1048      ,  0.1596      ,  0.2221      ,  0.2741      ,  0.3085      ,  0.3233      ,  0.3177      ,  0.2906      ,  0.2452      ,  0.1937      ,  0.1578      ,  0.1615      ,  0.2249      ,  0.3536      ,  0.5148      ,  0.6539      ,  0.7529      ,  0.8262      ,  0.8874      ,  0.9403      ,  0.9805      ,   1.000      ,  0.9768      ,  0.8715      ,  0.8715      ,
    18.50      ,   18.50      ,   0.000      , -0.1256      ,  0.4502E-01  ,  0.7490E-01  ,  0.4793E-01  ,  0.6303E-01  ,  0.5606E-01  ,  0.5971E-01  ,  0.3678E-01  ,  0.7487E-01  ,  0.3065E-01  ,  0.4356E-01  ,  0.7272E-01  ,  0.7984E-01  ,  0.4179E-01  ,  0.1290E-01  ,  0.2609E-01  ,  0.6978E-01  ,  0.8193E-01  ,  0.3173E-01  ,  0.2047E-01  ,  0.9876E-01  ,  0.1826      ,  0.1521      ,  0.1158      ,  0.1212      ,  0.1573      ,  0.2051      ,  0.2510      ,  0.2888      ,  0.3161      ,  0.3306      ,  0.3289      ,  0.3091      ,  0.2765      ,  0.2463      ,  0.2386      ,  0.2715      ,  0.3520      ,  0.4599      ,  0.5597      ,  0.6408      ,  0.7129      ,  0.7845      ,  0.8571      ,  0.9252      ,  0.9768      ,   1.000      ,  0.9502      ,  0.9502      ,
    19.00      ,   19.00      ,   0.000      , -0.1487E-01  ,  0.3637E-01  ,  0.4554E-01  ,  0.3974E-01  ,  0.4389E-01  ,  0.4144E-01  ,  0.4116E-01  ,  0.3484E-01  ,  0.4447E-01  ,  0.2722E-01  ,  0.3311E-01  ,  0.3771E-01  ,  0.5367E-01  ,  0.4448E-01  ,  0.2502E-01  ,  0.1756E-01  ,  0.3320E-01  ,  0.5158E-01  ,  0.3775E-01  ,  0.2389E-01  ,  0.6333E-01  ,  0.1481      ,  0.1722      ,  0.1521      ,  0.1366      ,  0.1385      ,  0.1563      ,  0.1858      ,  0.2233      ,  0.2662      ,  0.3107      ,  0.3505      ,  0.3764      ,  0.3822      ,  0.3711      ,  0.3547      ,  0.3458      ,  0.3514      ,  0.3692      ,  0.3969      ,  0.4384      ,  0.4977      ,  0.5753      ,  0.6687      ,  0.7716      ,  0.8715      ,  0.9502      ,   1.000      ,   1.000      ,
    20.00      ,   20.00      ,   0.000      , -0.1487E-01  ,  0.3637E-01  ,  0.4554E-01  ,  0.3974E-01  ,  0.4389E-01  ,  0.4144E-01  ,  0.4116E-01  ,  0.3484E-01  ,  0.4447E-01  ,  0.2722E-01  ,  0.3311E-01  ,  0.3771E-01  ,  0.5367E-01  ,  0.4448E-01  ,  0.2502E-01  ,  0.1756E-01  ,  0.3320E-01  ,  0.5158E-01  ,  0.3775E-01  ,  0.2389E-01  ,  0.6333E-01  ,  0.1481      ,  0.1722      ,  0.1521      ,  0.1366      ,  0.1385      ,  0.1563      ,  0.1858      ,  0.2233      ,  0.2662      ,  0.3107      ,  0.3505      ,  0.3764      ,  0.3822      ,  0.3711      ,  0.3547      ,  0.3458      ,  0.3514      ,  0.3692      ,  0.3969      ,  0.4384      ,  0.4977      ,  0.5753      ,  0.6687      ,  0.7716      ,  0.8715      ,  0.9502      ,   1.000      ,   1.000      ,
