   0.1000E-09  ,  0.1000E-09  ,   1.000      ,  0.5822      ,   0.000      ,   0.000      ,   0.000      ,   0.000      ,   0.000      ,   0.000      ,   0.000      ,   0.000      ,   0.000      ,   0.000      ,   0.000      ,   0.000      ,   0.000      ,
   0.2530E-07  ,  0.2530E-07  ,  0.5822      ,   1.000      ,  0.9987E-01  ,  0.6447E-01  ,  0.5324E-01  ,  0.1077      ,  0.1398      ,  0.8182E-01  ,  0.8828E-01  ,  0.6101E-01  ,  0.4823E-01  ,   0.000      ,   0.000      ,   0.000      ,   0.000      ,
   0.8000E-02  ,  0.8000E-02  ,   0.000      ,  0.9987E-01  ,   1.000      ,  0.1310E-01  ,  0.1082E-01  ,  0.2188E-01  ,  0.2841E-01  ,  0.1663E-01  ,  0.1794E-01  ,  0.1240E-01  ,  0.9799E-02  ,   0.000      ,   0.000      ,   0.000      ,   0.000      ,
   0.2000E-01  ,  0.2000E-01  ,   0.000      ,  0.6447E-01  ,  0.1310E-01  ,   1.000      ,  0.6984E-02  ,  0.1413E-01  ,  0.1834E-01  ,  0.1073E-01  ,  0.1158E-01  ,  0.8003E-02  ,  0.6326E-02  ,   0.000      ,   0.000      ,   0.000      ,   0.000      ,
   0.5000E-01  ,  0.5000E-01  ,   0.000      ,  0.5324E-01  ,  0.1082E-01  ,  0.6984E-02  ,   1.000      ,  0.1166E-01  ,  0.1515E-01  ,  0.8863E-02  ,  0.9562E-02  ,  0.6609E-02  ,  0.5224E-02  ,   0.000      ,   0.000      ,   0.000      ,   0.000      ,
   0.1000      ,  0.1000      ,   0.000      ,  0.1077      ,  0.2188E-01  ,  0.1413E-01  ,  0.1166E-01  ,   1.000      ,  0.3064E-01  ,  0.1793E-01  ,  0.1934E-01  ,  0.1337E-01  ,  0.1057E-01  ,   0.000      ,   0.000      ,   0.000      ,   0.000      ,
   0.1500      ,  0.1500      ,   0.000      ,  0.1398      ,  0.2841E-01  ,  0.1834E-01  ,  0.1515E-01  ,  0.3064E-01  ,   1.000      ,  0.2328E-01  ,  0.2511E-01  ,  0.1736E-01  ,  0.1372E-01  ,   0.000      ,   0.000      ,   0.000      ,   0.000      ,
   0.3000      ,  0.3000      ,   0.000      ,  0.8182E-01  ,  0.1663E-01  ,  0.1073E-01  ,  0.8863E-02  ,  0.1793E-01  ,  0.2328E-01  ,   1.000      ,  0.1470E-01  ,  0.1016E-01  ,  0.8028E-02  ,   0.000      ,   0.000      ,   0.000      ,   0.000      ,
   0.5000      ,  0.5000      ,   0.000      ,  0.8828E-01  ,  0.1794E-01  ,  0.1158E-01  ,  0.9562E-02  ,  0.1934E-01  ,  0.2511E-01  ,  0.1470E-01  ,   1.000      ,  0.1096E-01  ,  0.8662E-02  ,   0.000      ,   0.000      ,   0.000      ,   0.000      ,
   0.6000      ,  0.6000      ,   0.000      ,  0.6101E-01  ,  0.1240E-01  ,  0.8003E-02  ,  0.6609E-02  ,  0.1337E-01  ,  0.1736E-01  ,  0.1016E-01  ,  0.1096E-01  ,   1.000      ,  0.5986E-02  ,   0.000      ,   0.000      ,   0.000      ,   0.000      ,
   0.8000      ,  0.8000      ,   0.000      ,  0.4823E-01  ,  0.9799E-02  ,  0.6326E-02  ,  0.5224E-02  ,  0.1057E-01  ,  0.1372E-01  ,  0.8028E-02  ,  0.8662E-02  ,  0.5986E-02  ,   1.000      ,   0.000      ,   0.000      ,   0.000      ,   0.000      ,
    1.000      ,   1.000      ,   0.000      ,   0.000      ,   0.000      ,   0.000      ,   0.000      ,   0.000      ,   0.000      ,   0.000      ,   0.000      ,   0.000      ,   0.000      ,   1.000      ,  0.1101      ,  0.5703E-01  ,  0.5703E-01  ,
    6.000      ,   6.000      ,   0.000      ,   0.000      ,   0.000      ,   0.000      ,   0.000      ,   0.000      ,   0.000      ,   0.000      ,   0.000      ,   0.000      ,   0.000      ,  0.1101      ,   1.000      ,  0.4709E-01  ,  0.4709E-01  ,
    18.00      ,   18.00      ,   0.000      ,   0.000      ,   0.000      ,   0.000      ,   0.000      ,   0.000      ,   0.000      ,   0.000      ,   0.000      ,   0.000      ,   0.000      ,  0.5703E-01  ,  0.4709E-01  ,   1.000      ,   1.000      ,
    20.00      ,   20.00      ,   0.000      ,   0.000      ,   0.000      ,   0.000      ,   0.000      ,   0.000      ,   0.000      ,   0.000      ,   0.000      ,   0.000      ,   0.000      ,  0.5703E-01  ,  0.4709E-01  ,   1.000      ,   1.000      ,
