   0.1000E-09  ,  0.1000E-09  ,   1.000      ,  0.6934      ,  0.4385      ,  0.3101      ,  0.3101      ,  0.3101      ,  0.1612      ,  0.4385      ,  0.6934      ,  0.1612      ,  0.1612      ,
   0.1000E-05  ,  0.1000E-05  ,  0.6934      ,   1.000      ,  0.3162      ,  0.2236      ,  0.2236      ,  0.2236      ,  0.1162      ,  0.3162      ,  0.5000      ,  0.1162      ,  0.1162      ,
   0.8000E-04  ,  0.8000E-04  ,  0.4385      ,  0.3162      ,   1.000      ,  0.1414      ,  0.1414      ,  0.1414      ,  0.7352E-01  ,  0.2000      ,  0.3162      ,  0.7352E-01  ,  0.7352E-01  ,
   0.1500E-03  ,  0.1500E-03  ,  0.3101      ,  0.2236      ,  0.1414      ,   1.000      ,  0.1000      ,  0.1000      ,  0.5199E-01  ,  0.1414      ,  0.2236      ,  0.5199E-01  ,  0.5199E-01  ,
   0.3000E-03  ,  0.3000E-03  ,  0.3101      ,  0.2236      ,  0.1414      ,  0.1000      ,   1.000      ,  0.1000      ,  0.5199E-01  ,  0.1414      ,  0.2236      ,  0.5199E-01  ,  0.5199E-01  ,
   0.4000E-03  ,  0.4000E-03  ,  0.3101      ,  0.2236      ,  0.1414      ,  0.1000      ,  0.1000      ,   1.000      ,  0.5199E-01  ,  0.1414      ,  0.2236      ,  0.5199E-01  ,  0.5199E-01  ,
   0.5000E-03  ,  0.5000E-03  ,  0.1612      ,  0.1162      ,  0.7352E-01  ,  0.5199E-01  ,  0.5199E-01  ,  0.5199E-01  ,   1.000      ,  0.7352E-01  ,  0.1162      ,  0.2703E-01  ,  0.2703E-01  ,
   0.6500E-03  ,  0.6500E-03  ,  0.4385      ,  0.3162      ,  0.2000      ,  0.1414      ,  0.1414      ,  0.1414      ,  0.7352E-01  ,   1.000      ,  0.3162      ,  0.7352E-01  ,  0.7352E-01  ,
   0.2500E-01  ,  0.2500E-01  ,  0.6934      ,  0.5000      ,  0.3162      ,  0.2236      ,  0.2236      ,  0.2236      ,  0.1162      ,  0.3162      ,   1.000      ,  0.1162      ,  0.1162      ,
    2.000      ,   2.000      ,  0.1612      ,  0.1162      ,  0.7352E-01  ,  0.5199E-01  ,  0.5199E-01  ,  0.5199E-01  ,  0.2703E-01  ,  0.7352E-01  ,  0.1162      ,   1.000      ,   1.000      ,
    20.00      ,   20.00      ,  0.1612      ,  0.1162      ,  0.7352E-01  ,  0.5199E-01  ,  0.5199E-01  ,  0.5199E-01  ,  0.2703E-01  ,  0.7352E-01  ,  0.1162      ,   1.000      ,   1.000      ,
