   0.1000E-09  ,  0.1000E-09  ,   1.000      ,   1.096      ,   1.096      , -0.2612E-03  , -0.2612E-03  , -0.2612E-03  , -0.2612E-03  , -0.2612E-03  , -0.2612E-03  , -0.2612E-03  , -0.2612E-03  , -0.2612E-03  , -0.2612E-03  , -0.2613E-03  , -0.9071E-03  , -0.8068E-03  , -0.7627E-03  , -0.7442E-03  , -0.7040E-03  , -0.8138E-03  , -0.1003E-02  , -0.7470E-03  , -0.7534E-03  , -0.9991E-03  , -0.1356E-02  , -0.8435E-03  , -0.7368E-03  , -0.7538E-03  , -0.6985E-03  , -0.5493E-03  , -0.6316E-03  , -0.6814E-03  , -0.5965E-03  , -0.4679E-03  , -0.5182E-03  , -0.5799E-03  , -0.3586E-03  , -0.1250E-02  , -0.1989E-02  , -0.2386E-03  , -0.1430E-03  ,  0.5872E-04  ,  0.1813E-03  ,  0.2330E-03  ,  0.1653E-03  ,  0.1306E-03  ,  0.6019E-04  , -0.5546E-03  , -0.1266E-02  ,  0.4172E-03  ,  0.7691E-03  ,  0.1062E-02  ,  0.8164E-03  ,  0.5297E-03  ,  0.1506E-02  ,  0.1710E-02  ,  0.1796E-02  ,  0.1726E-02  ,  0.1596E-02  ,  0.1473E-02  ,  0.1270E-02  ,  0.1757E-02  ,  0.1705E-02  ,  0.1596E-02  ,  0.1456E-02  ,  0.1364E-02  ,  0.1218E-02  ,  0.1112E-02  , -0.4405E-03  , -0.4405E-03  , -0.4405E-03  , -0.4405E-03  , -0.4405E-03  , -0.4405E-03  , -0.2415E-03  ,  0.9368E-04  ,  0.9368E-04  ,  0.9368E-04  ,  0.4001E-04  ,  0.4001E-04  ,  0.4001E-04  ,  0.4001E-04  ,  0.4001E-04  ,   0.000      ,   0.000      ,
   0.1000E-07  ,  0.1000E-07  ,   1.096      ,   1.000      ,  0.5000      , -0.1191E-03  , -0.1191E-03  , -0.1191E-03  , -0.1191E-03  , -0.1191E-03  , -0.1191E-03  , -0.1191E-03  , -0.1191E-03  , -0.1191E-03  , -0.1191E-03  , -0.1191E-03  , -0.4137E-03  , -0.3679E-03  , -0.3478E-03  , -0.3394E-03  , -0.3210E-03  , -0.3711E-03  , -0.4572E-03  , -0.3406E-03  , -0.3436E-03  , -0.4556E-03  , -0.6183E-03  , -0.3846E-03  , -0.3360E-03  , -0.3437E-03  , -0.3185E-03  , -0.2505E-03  , -0.2880E-03  , -0.3107E-03  , -0.2720E-03  , -0.2134E-03  , -0.2363E-03  , -0.2644E-03  , -0.1635E-03  , -0.5698E-03  , -0.9070E-03  , -0.1088E-03  , -0.6521E-04  ,  0.2678E-04  ,  0.8269E-04  ,  0.1062E-03  ,  0.7540E-04  ,  0.5957E-04  ,  0.2745E-04  , -0.2529E-03  , -0.5772E-03  ,  0.1902E-03  ,  0.3507E-03  ,  0.4844E-03  ,  0.3723E-03  ,  0.2415E-03  ,  0.6867E-03  ,  0.7798E-03  ,  0.8188E-03  ,  0.7871E-03  ,  0.7278E-03  ,  0.6718E-03  ,  0.5790E-03  ,  0.8014E-03  ,  0.7773E-03  ,  0.7279E-03  ,  0.6640E-03  ,  0.6222E-03  ,  0.5555E-03  ,  0.5070E-03  , -0.2009E-03  , -0.2009E-03  , -0.2009E-03  , -0.2009E-03  , -0.2009E-03  , -0.2009E-03  , -0.2009E-03  ,  0.3293E-03  ,  0.1340E-02  ,  0.1340E-02  ,  0.5723E-03  ,  0.5723E-03  ,  0.5723E-03  ,  0.5723E-03  ,  0.5723E-03  ,   0.000      ,   0.000      ,
   0.1000E-04  ,  0.1000E-04  ,   1.096      ,  0.5000      ,   1.000      , -0.1191E-03  , -0.1191E-03  , -0.1191E-03  , -0.1191E-03  , -0.1191E-03  , -0.1191E-03  , -0.1191E-03  , -0.1191E-03  , -0.1191E-03  , -0.1191E-03  , -0.1191E-03  , -0.4137E-03  , -0.3679E-03  , -0.3478E-03  , -0.3394E-03  , -0.3210E-03  , -0.3711E-03  , -0.4572E-03  , -0.3406E-03  , -0.3435E-03  , -0.4556E-03  , -0.6183E-03  , -0.3846E-03  , -0.3360E-03  , -0.3437E-03  , -0.3185E-03  , -0.2505E-03  , -0.2880E-03  , -0.3107E-03  , -0.2720E-03  , -0.2134E-03  , -0.2363E-03  , -0.2644E-03  , -0.1635E-03  , -0.5698E-03  , -0.9070E-03  , -0.1088E-03  , -0.6521E-04  ,  0.2678E-04  ,  0.8269E-04  ,  0.1062E-03  ,  0.7540E-04  ,  0.5957E-04  ,  0.2745E-04  , -0.2529E-03  , -0.5772E-03  ,  0.1902E-03  ,  0.3507E-03  ,  0.4844E-03  ,  0.3723E-03  ,  0.2416E-03  ,  0.6867E-03  ,  0.7798E-03  ,  0.8188E-03  ,  0.7871E-03  ,  0.7278E-03  ,  0.6718E-03  ,  0.5790E-03  ,  0.8014E-03  ,  0.7773E-03  ,  0.7279E-03  ,  0.6640E-03  ,  0.6222E-03  ,  0.5555E-03  ,  0.5070E-03  , -0.2009E-03  , -0.2009E-03  , -0.2009E-03  , -0.2009E-03  , -0.2009E-03  , -0.2009E-03  , -0.2009E-03  ,  0.3293E-03  ,  0.1422E-02  ,  0.2449E-02  ,  0.1046E-02  ,  0.1046E-02  ,  0.1046E-02  ,  0.1046E-02  ,  0.1046E-02  ,   0.000      ,   0.000      ,
   0.2000E-04  ,  0.2000E-04  , -0.2612E-03  , -0.1191E-03  , -0.1191E-03  ,   1.000      ,  0.5000      ,  0.5000      ,  0.5000      ,  0.5000      ,  0.5000      ,  0.5000      ,  0.5000      ,  0.5000      ,  0.5000      ,  0.5000      , -0.1535E-02  , -0.1477E-02  , -0.1484E-02  , -0.1593E-02  , -0.1577E-02  , -0.1713E-02  , -0.1816E-02  , -0.1782E-02  , -0.1895E-02  , -0.2125E-02  , -0.2452E-02  , -0.2173E-02  , -0.1924E-02  , -0.2141E-02  , -0.2115E-02  , -0.1644E-02  , -0.2230E-02  , -0.2375E-02  , -0.2194E-02  , -0.2168E-02  , -0.1941E-02  , -0.2360E-02  , -0.1645E-02  , -0.2793E-02  , -0.3045E-02  , -0.2181E-02  , -0.2149E-02  , -0.2288E-02  , -0.2088E-02  , -0.2084E-02  , -0.2174E-02  , -0.2212E-02  , -0.2312E-02  , -0.2601E-02  , -0.3283E-02  , -0.2261E-02  , -0.1955E-02  , -0.1468E-02  , -0.1636E-02  , -0.1856E-02  , -0.1126E-02  , -0.8087E-03  , -0.8098E-03  , -0.7666E-03  , -0.7804E-03  , -0.8307E-03  , -0.8043E-03  , -0.4610E-03  , -0.3681E-03  , -0.3417E-03  , -0.3048E-03  , -0.3361E-03  , -0.2774E-03  , -0.2533E-03  , -0.1016E-02  , -0.1016E-02  , -0.1016E-02  , -0.1016E-02  , -0.1016E-02  , -0.1016E-02  , -0.1016E-02  , -0.9688E-03  , -0.4184E-02  , -0.1095E-01  , -0.3641E-02  , -0.3641E-02  , -0.3641E-02  , -0.3641E-02  , -0.3641E-02  ,   0.000      ,   0.000      ,
   0.5000E-04  ,  0.5000E-04  , -0.2612E-03  , -0.1191E-03  , -0.1191E-03  ,  0.5000      ,   1.000      ,  0.5000      ,  0.5000      ,  0.5000      ,  0.5000      ,  0.5000      ,  0.5000      ,  0.5000      ,  0.5000      ,  0.5000      , -0.1535E-02  , -0.1477E-02  , -0.1484E-02  , -0.1593E-02  , -0.1577E-02  , -0.1713E-02  , -0.1816E-02  , -0.1782E-02  , -0.1895E-02  , -0.2125E-02  , -0.2452E-02  , -0.2173E-02  , -0.1924E-02  , -0.2141E-02  , -0.2115E-02  , -0.1644E-02  , -0.2230E-02  , -0.2375E-02  , -0.2194E-02  , -0.2168E-02  , -0.1941E-02  , -0.2360E-02  , -0.1645E-02  , -0.2793E-02  , -0.3045E-02  , -0.2181E-02  , -0.2149E-02  , -0.2288E-02  , -0.2088E-02  , -0.2084E-02  , -0.2174E-02  , -0.2212E-02  , -0.2312E-02  , -0.2601E-02  , -0.3283E-02  , -0.2261E-02  , -0.1955E-02  , -0.1468E-02  , -0.1636E-02  , -0.1856E-02  , -0.1126E-02  , -0.8087E-03  , -0.8098E-03  , -0.7666E-03  , -0.7804E-03  , -0.8307E-03  , -0.8043E-03  , -0.4610E-03  , -0.3681E-03  , -0.3417E-03  , -0.3048E-03  , -0.3361E-03  , -0.2774E-03  , -0.2533E-03  , -0.1016E-02  , -0.1016E-02  , -0.1016E-02  , -0.1016E-02  , -0.1016E-02  , -0.1016E-02  , -0.1016E-02  , -0.9688E-03  , -0.4184E-02  , -0.1503E-01  , -0.4997E-02  , -0.4997E-02  , -0.4997E-02  , -0.4997E-02  , -0.4997E-02  ,   0.000      ,   0.000      ,
   0.8000E-04  ,  0.8000E-04  , -0.2612E-03  , -0.1191E-03  , -0.1191E-03  ,  0.5000      ,  0.5000      ,   1.000      ,  0.5000      ,  0.5000      ,  0.5000      ,  0.5000      ,  0.5000      ,  0.5000      ,  0.5000      ,  0.5000      , -0.1535E-02  , -0.1477E-02  , -0.1484E-02  , -0.1593E-02  , -0.1577E-02  , -0.1713E-02  , -0.1816E-02  , -0.1782E-02  , -0.1895E-02  , -0.2125E-02  , -0.2452E-02  , -0.2173E-02  , -0.1924E-02  , -0.2141E-02  , -0.2115E-02  , -0.1644E-02  , -0.2230E-02  , -0.2375E-02  , -0.2194E-02  , -0.2168E-02  , -0.1941E-02  , -0.2360E-02  , -0.1645E-02  , -0.2793E-02  , -0.3045E-02  , -0.2181E-02  , -0.2149E-02  , -0.2288E-02  , -0.2088E-02  , -0.2084E-02  , -0.2174E-02  , -0.2212E-02  , -0.2312E-02  , -0.2601E-02  , -0.3283E-02  , -0.2261E-02  , -0.1955E-02  , -0.1468E-02  , -0.1636E-02  , -0.1856E-02  , -0.1126E-02  , -0.8087E-03  , -0.8098E-03  , -0.7666E-03  , -0.7804E-03  , -0.8307E-03  , -0.8044E-03  , -0.4610E-03  , -0.3681E-03  , -0.3417E-03  , -0.3048E-03  , -0.3361E-03  , -0.2774E-03  , -0.2533E-03  , -0.1016E-02  , -0.1016E-02  , -0.1016E-02  , -0.1016E-02  , -0.1016E-02  , -0.1016E-02  , -0.1016E-02  , -0.9688E-03  , -0.4184E-02  , -0.1773E-01  , -0.5896E-02  , -0.5896E-02  , -0.5896E-02  , -0.5896E-02  , -0.5896E-02  ,   0.000      ,   0.000      ,
   0.1000E-03  ,  0.1000E-03  , -0.2612E-03  , -0.1191E-03  , -0.1191E-03  ,  0.5000      ,  0.5000      ,  0.5000      ,   1.000      ,  0.5000      ,  0.5000      ,  0.5000      ,  0.5000      ,  0.5000      ,  0.5000      ,  0.5000      , -0.1535E-02  , -0.1477E-02  , -0.1484E-02  , -0.1593E-02  , -0.1577E-02  , -0.1713E-02  , -0.1816E-02  , -0.1782E-02  , -0.1895E-02  , -0.2125E-02  , -0.2452E-02  , -0.2173E-02  , -0.1924E-02  , -0.2141E-02  , -0.2115E-02  , -0.1644E-02  , -0.2230E-02  , -0.2375E-02  , -0.2194E-02  , -0.2168E-02  , -0.1941E-02  , -0.2360E-02  , -0.1645E-02  , -0.2793E-02  , -0.3045E-02  , -0.2181E-02  , -0.2149E-02  , -0.2288E-02  , -0.2088E-02  , -0.2084E-02  , -0.2174E-02  , -0.2212E-02  , -0.2312E-02  , -0.2601E-02  , -0.3283E-02  , -0.2261E-02  , -0.1955E-02  , -0.1468E-02  , -0.1636E-02  , -0.1856E-02  , -0.1126E-02  , -0.8087E-03  , -0.8098E-03  , -0.7666E-03  , -0.7804E-03  , -0.8307E-03  , -0.8044E-03  , -0.4610E-03  , -0.3681E-03  , -0.3417E-03  , -0.3048E-03  , -0.3361E-03  , -0.2774E-03  , -0.2533E-03  , -0.1016E-02  , -0.1016E-02  , -0.1016E-02  , -0.1016E-02  , -0.1016E-02  , -0.1016E-02  , -0.1016E-02  , -0.9688E-03  , -0.4184E-02  , -0.1811E-01  , -0.7575E-02  , -0.7575E-02  , -0.7575E-02  , -0.7575E-02  , -0.7575E-02  ,   0.000      ,   0.000      ,
   0.2000E-03  ,  0.2000E-03  , -0.2612E-03  , -0.1191E-03  , -0.1191E-03  ,  0.5000      ,  0.5000      ,  0.5000      ,  0.5000      ,   1.000      ,  0.5000      ,  0.5000      ,  0.5000      ,  0.5000      ,  0.5000      ,  0.5000      , -0.1535E-02  , -0.1477E-02  , -0.1484E-02  , -0.1593E-02  , -0.1577E-02  , -0.1713E-02  , -0.1816E-02  , -0.1782E-02  , -0.1895E-02  , -0.2125E-02  , -0.2452E-02  , -0.2173E-02  , -0.1924E-02  , -0.2141E-02  , -0.2115E-02  , -0.1644E-02  , -0.2230E-02  , -0.2375E-02  , -0.2194E-02  , -0.2168E-02  , -0.1941E-02  , -0.2360E-02  , -0.1645E-02  , -0.2793E-02  , -0.3045E-02  , -0.2181E-02  , -0.2149E-02  , -0.2288E-02  , -0.2088E-02  , -0.2084E-02  , -0.2174E-02  , -0.2212E-02  , -0.2312E-02  , -0.2601E-02  , -0.3283E-02  , -0.2261E-02  , -0.1955E-02  , -0.1468E-02  , -0.1636E-02  , -0.1856E-02  , -0.1126E-02  , -0.8087E-03  , -0.8098E-03  , -0.7666E-03  , -0.7804E-03  , -0.8307E-03  , -0.8044E-03  , -0.4610E-03  , -0.3681E-03  , -0.3417E-03  , -0.3048E-03  , -0.3361E-03  , -0.2774E-03  , -0.2533E-03  , -0.1016E-02  , -0.1016E-02  , -0.1016E-02  , -0.1016E-02  , -0.1016E-02  , -0.1016E-02  , -0.1016E-02  , -0.9688E-03  , -0.4184E-02  , -0.1811E-01  , -0.1151E-01  , -0.1151E-01  , -0.1151E-01  , -0.1151E-01  , -0.1151E-01  ,   0.000      ,   0.000      ,
   0.5000E-03  ,  0.5000E-03  , -0.2612E-03  , -0.1191E-03  , -0.1191E-03  ,  0.5000      ,  0.5000      ,  0.5000      ,  0.5000      ,  0.5000      ,   1.000      ,  0.5000      ,  0.5000      ,  0.5000      ,  0.5000      ,  0.5000      , -0.1535E-02  , -0.1477E-02  , -0.1484E-02  , -0.1593E-02  , -0.1577E-02  , -0.1713E-02  , -0.1816E-02  , -0.1782E-02  , -0.1895E-02  , -0.2125E-02  , -0.2452E-02  , -0.2173E-02  , -0.1924E-02  , -0.2141E-02  , -0.2115E-02  , -0.1644E-02  , -0.2230E-02  , -0.2375E-02  , -0.2194E-02  , -0.2168E-02  , -0.1941E-02  , -0.2360E-02  , -0.1645E-02  , -0.2793E-02  , -0.3045E-02  , -0.2181E-02  , -0.2149E-02  , -0.2288E-02  , -0.2088E-02  , -0.2084E-02  , -0.2174E-02  , -0.2212E-02  , -0.2312E-02  , -0.2601E-02  , -0.3283E-02  , -0.2261E-02  , -0.1955E-02  , -0.1468E-02  , -0.1636E-02  , -0.1856E-02  , -0.1126E-02  , -0.8087E-03  , -0.8098E-03  , -0.7666E-03  , -0.7804E-03  , -0.8307E-03  , -0.8043E-03  , -0.4610E-03  , -0.3681E-03  , -0.3417E-03  , -0.3048E-03  , -0.3361E-03  , -0.2774E-03  , -0.2533E-03  , -0.1016E-02  , -0.1016E-02  , -0.1016E-02  , -0.1016E-02  , -0.1016E-02  , -0.1016E-02  , -0.1016E-02  , -0.9688E-03  , -0.4184E-02  , -0.1811E-01  , -0.1579E-01  , -0.1579E-01  , -0.1579E-01  , -0.1579E-01  , -0.1579E-01  ,   0.000      ,   0.000      ,
   0.8000E-03  ,  0.8000E-03  , -0.2612E-03  , -0.1191E-03  , -0.1191E-03  ,  0.5000      ,  0.5000      ,  0.5000      ,  0.5000      ,  0.5000      ,  0.5000      ,   1.000      ,  0.5000      ,  0.5000      ,  0.5000      ,  0.5000      , -0.1535E-02  , -0.1477E-02  , -0.1484E-02  , -0.1593E-02  , -0.1577E-02  , -0.1713E-02  , -0.1816E-02  , -0.1782E-02  , -0.1895E-02  , -0.2125E-02  , -0.2452E-02  , -0.2173E-02  , -0.1924E-02  , -0.2141E-02  , -0.2115E-02  , -0.1644E-02  , -0.2230E-02  , -0.2375E-02  , -0.2194E-02  , -0.2168E-02  , -0.1941E-02  , -0.2360E-02  , -0.1645E-02  , -0.2793E-02  , -0.3045E-02  , -0.2181E-02  , -0.2149E-02  , -0.2288E-02  , -0.2088E-02  , -0.2084E-02  , -0.2174E-02  , -0.2212E-02  , -0.2312E-02  , -0.2601E-02  , -0.3283E-02  , -0.2261E-02  , -0.1955E-02  , -0.1468E-02  , -0.1636E-02  , -0.1856E-02  , -0.1126E-02  , -0.8087E-03  , -0.8098E-03  , -0.7666E-03  , -0.7804E-03  , -0.8307E-03  , -0.8044E-03  , -0.4610E-03  , -0.3681E-03  , -0.3417E-03  , -0.3048E-03  , -0.3361E-03  , -0.2774E-03  , -0.2533E-03  , -0.1016E-02  , -0.1016E-02  , -0.1016E-02  , -0.1016E-02  , -0.1016E-02  , -0.1016E-02  , -0.1016E-02  , -0.9688E-03  , -0.4184E-02  , -0.1811E-01  , -0.1863E-01  , -0.1863E-01  , -0.1863E-01  , -0.1863E-01  , -0.1863E-01  ,   0.000      ,   0.000      ,
   0.1000E-02  ,  0.1000E-02  , -0.2612E-03  , -0.1191E-03  , -0.1191E-03  ,  0.5000      ,  0.5000      ,  0.5000      ,  0.5000      ,  0.5000      ,  0.5000      ,  0.5000      ,   1.000      ,  0.5000      ,  0.5000      ,  0.5000      , -0.1535E-02  , -0.1477E-02  , -0.1484E-02  , -0.1593E-02  , -0.1577E-02  , -0.1713E-02  , -0.1816E-02  , -0.1782E-02  , -0.1895E-02  , -0.2125E-02  , -0.2452E-02  , -0.2173E-02  , -0.1924E-02  , -0.2141E-02  , -0.2115E-02  , -0.1644E-02  , -0.2230E-02  , -0.2375E-02  , -0.2194E-02  , -0.2168E-02  , -0.1941E-02  , -0.2360E-02  , -0.1645E-02  , -0.2793E-02  , -0.3045E-02  , -0.2181E-02  , -0.2149E-02  , -0.2288E-02  , -0.2088E-02  , -0.2084E-02  , -0.2174E-02  , -0.2212E-02  , -0.2312E-02  , -0.2601E-02  , -0.3283E-02  , -0.2261E-02  , -0.1955E-02  , -0.1468E-02  , -0.1636E-02  , -0.1856E-02  , -0.1126E-02  , -0.8087E-03  , -0.8098E-03  , -0.7666E-03  , -0.7804E-03  , -0.8307E-03  , -0.8044E-03  , -0.4611E-03  , -0.3681E-03  , -0.3417E-03  , -0.3048E-03  , -0.3361E-03  , -0.2774E-03  , -0.2533E-03  , -0.1016E-02  , -0.1016E-02  , -0.1016E-02  , -0.1016E-02  , -0.1016E-02  , -0.1016E-02  , -0.1016E-02  , -0.9688E-03  , -0.4184E-02  , -0.1811E-01  , -0.2393E-01  , -0.2393E-01  , -0.2393E-01  , -0.2393E-01  , -0.2393E-01  ,   0.000      ,   0.000      ,
   0.2000E-02  ,  0.2000E-02  , -0.2612E-03  , -0.1191E-03  , -0.1191E-03  ,  0.5000      ,  0.5000      ,  0.5000      ,  0.5000      ,  0.5000      ,  0.5000      ,  0.5000      ,  0.5000      ,   1.000      ,  0.5000      ,  0.5000      , -0.1535E-02  , -0.1477E-02  , -0.1484E-02  , -0.1593E-02  , -0.1577E-02  , -0.1713E-02  , -0.1816E-02  , -0.1782E-02  , -0.1895E-02  , -0.2125E-02  , -0.2452E-02  , -0.2173E-02  , -0.1924E-02  , -0.2141E-02  , -0.2115E-02  , -0.1644E-02  , -0.2231E-02  , -0.2375E-02  , -0.2194E-02  , -0.2168E-02  , -0.1941E-02  , -0.2361E-02  , -0.1645E-02  , -0.2793E-02  , -0.3045E-02  , -0.2181E-02  , -0.2149E-02  , -0.2288E-02  , -0.2088E-02  , -0.2084E-02  , -0.2174E-02  , -0.2212E-02  , -0.2312E-02  , -0.2601E-02  , -0.3283E-02  , -0.2261E-02  , -0.1955E-02  , -0.1468E-02  , -0.1636E-02  , -0.1856E-02  , -0.1126E-02  , -0.8087E-03  , -0.8098E-03  , -0.7666E-03  , -0.7804E-03  , -0.8307E-03  , -0.8044E-03  , -0.4611E-03  , -0.3681E-03  , -0.3417E-03  , -0.3048E-03  , -0.3361E-03  , -0.2774E-03  , -0.2533E-03  , -0.1016E-02  , -0.1016E-02  , -0.1016E-02  , -0.1016E-02  , -0.1016E-02  , -0.1016E-02  , -0.1016E-02  , -0.9688E-03  , -0.4184E-02  , -0.1811E-01  , -0.2611E-01  , -0.3631E-01  , -0.3631E-01  , -0.3631E-01  , -0.3631E-01  ,   0.000      ,   0.000      ,
   0.5000E-02  ,  0.5000E-02  , -0.2612E-03  , -0.1191E-03  , -0.1191E-03  ,  0.5000      ,  0.5000      ,  0.5000      ,  0.5000      ,  0.5000      ,  0.5000      ,  0.5000      ,  0.5000      ,  0.5000      ,   1.000      ,  0.5000      , -0.1535E-02  , -0.1477E-02  , -0.1484E-02  , -0.1593E-02  , -0.1577E-02  , -0.1713E-02  , -0.1816E-02  , -0.1782E-02  , -0.1895E-02  , -0.2125E-02  , -0.2452E-02  , -0.2173E-02  , -0.1924E-02  , -0.2141E-02  , -0.2115E-02  , -0.1644E-02  , -0.2231E-02  , -0.2375E-02  , -0.2194E-02  , -0.2168E-02  , -0.1941E-02  , -0.2361E-02  , -0.1645E-02  , -0.2793E-02  , -0.3045E-02  , -0.2181E-02  , -0.2149E-02  , -0.2288E-02  , -0.2088E-02  , -0.2084E-02  , -0.2174E-02  , -0.2212E-02  , -0.2312E-02  , -0.2601E-02  , -0.3283E-02  , -0.2261E-02  , -0.1955E-02  , -0.1468E-02  , -0.1636E-02  , -0.1856E-02  , -0.1126E-02  , -0.8087E-03  , -0.8098E-03  , -0.7666E-03  , -0.7804E-03  , -0.8307E-03  , -0.8044E-03  , -0.4611E-03  , -0.3681E-03  , -0.3417E-03  , -0.3048E-03  , -0.3361E-03  , -0.2774E-03  , -0.2533E-03  , -0.1016E-02  , -0.1016E-02  , -0.1016E-02  , -0.1016E-02  , -0.1016E-02  , -0.1016E-02  , -0.1016E-02  , -0.9688E-03  , -0.4184E-02  , -0.1811E-01  , -0.2611E-01  , -0.4972E-01  , -0.4972E-01  , -0.4972E-01  , -0.4972E-01  ,   0.000      ,   0.000      ,
   0.8000E-02  ,  0.8000E-02  , -0.2613E-03  , -0.1191E-03  , -0.1191E-03  ,  0.5000      ,  0.5000      ,  0.5000      ,  0.5000      ,  0.5000      ,  0.5000      ,  0.5000      ,  0.5000      ,  0.5000      ,  0.5000      ,   1.000      , -0.1535E-02  , -0.1477E-02  , -0.1484E-02  , -0.1593E-02  , -0.1577E-02  , -0.1713E-02  , -0.1816E-02  , -0.1782E-02  , -0.1895E-02  , -0.2125E-02  , -0.2452E-02  , -0.2173E-02  , -0.1924E-02  , -0.2141E-02  , -0.2115E-02  , -0.1644E-02  , -0.2231E-02  , -0.2375E-02  , -0.2194E-02  , -0.2168E-02  , -0.1941E-02  , -0.2361E-02  , -0.1646E-02  , -0.2793E-02  , -0.3045E-02  , -0.2181E-02  , -0.2149E-02  , -0.2288E-02  , -0.2088E-02  , -0.2084E-02  , -0.2175E-02  , -0.2212E-02  , -0.2312E-02  , -0.2601E-02  , -0.3283E-02  , -0.2261E-02  , -0.1955E-02  , -0.1468E-02  , -0.1636E-02  , -0.1856E-02  , -0.1126E-02  , -0.8088E-03  , -0.8099E-03  , -0.7666E-03  , -0.7804E-03  , -0.8308E-03  , -0.8044E-03  , -0.4611E-03  , -0.3682E-03  , -0.3417E-03  , -0.3048E-03  , -0.3361E-03  , -0.2774E-03  , -0.2533E-03  , -0.1016E-02  , -0.1016E-02  , -0.1016E-02  , -0.1016E-02  , -0.1016E-02  , -0.1016E-02  , -0.1016E-02  , -0.9689E-03  , -0.4184E-02  , -0.1811E-01  , -0.2611E-01  , -0.6236E-01  , -0.6236E-01  , -0.6236E-01  , -0.6236E-01  ,   0.000      ,   0.000      ,
   0.1250E-01  ,  0.1250E-01  , -0.9071E-03  , -0.4137E-03  , -0.4137E-03  , -0.1535E-02  , -0.1535E-02  , -0.1535E-02  , -0.1535E-02  , -0.1535E-02  , -0.1535E-02  , -0.1535E-02  , -0.1535E-02  , -0.1535E-02  , -0.1535E-02  , -0.1535E-02  ,   1.000      ,  0.6412E-01  ,  0.6255E-01  ,  0.6121E-01  ,  0.6051E-01  ,  0.5912E-01  ,  0.5757E-01  ,  0.5750E-01  ,  0.5746E-01  ,  0.5643E-01  ,  0.5359E-01  ,  0.5250E-01  ,  0.4710E-01  ,  0.4768E-01  ,  0.4305E-01  ,  0.3401E-01  ,  0.3852E-01  ,  0.4164E-01  ,  0.3685E-01  ,  0.3592E-01  ,  0.3120E-01  ,  0.2854E-01  ,  0.2263E-01  ,  0.2359E-01  ,  0.1170E-01  , -0.3065E-03  , -0.5616E-02  , -0.8017E-02  , -0.9221E-02  , -0.1137E-01  , -0.1412E-01  , -0.1781E-01  , -0.1993E-01  , -0.2451E-01  , -0.3352E-01  , -0.4005E-01  , -0.4336E-01  , -0.4277E-01  , -0.4651E-01  , -0.5118E-01  , -0.5046E-01  , -0.5199E-01  , -0.5102E-01  , -0.4991E-01  , -0.4746E-01  , -0.4617E-01  , -0.4164E-01  , -0.3845E-01  , -0.3299E-01  , -0.2724E-01  , -0.2152E-01  , -0.1705E-01  , -0.1130E-01  , -0.6771E-02  , -0.3147E-02  , -0.3147E-02  , -0.3147E-02  , -0.3147E-02  , -0.3147E-02  , -0.3147E-02  , -0.3147E-02  , -0.3304E-02  , -0.1427E-01  , -0.6176E-01  , -0.9051E-01  , -0.3232      , -0.3232      , -0.3232      , -0.3232      ,   0.000      ,   0.000      ,
   0.3500E-01  ,  0.3500E-01  , -0.8068E-03  , -0.3679E-03  , -0.3679E-03  , -0.1477E-02  , -0.1477E-02  , -0.1477E-02  , -0.1477E-02  , -0.1477E-02  , -0.1477E-02  , -0.1477E-02  , -0.1477E-02  , -0.1477E-02  , -0.1477E-02  , -0.1477E-02  ,  0.6412E-01  ,   1.000      ,  0.6149E-01  ,  0.6019E-01  ,  0.5952E-01  ,  0.5821E-01  ,  0.5635E-01  ,  0.5657E-01  ,  0.5661E-01  ,  0.5549E-01  ,  0.5265E-01  ,  0.5161E-01  ,  0.4599E-01  ,  0.4683E-01  ,  0.4225E-01  ,  0.3307E-01  ,  0.3773E-01  ,  0.4078E-01  ,  0.3590E-01  ,  0.3509E-01  ,  0.3053E-01  ,  0.2781E-01  ,  0.2206E-01  ,  0.2289E-01  ,  0.1112E-01  , -0.7645E-03  , -0.6155E-02  , -0.8462E-02  , -0.9609E-02  , -0.1173E-01  , -0.1445E-01  , -0.1816E-01  , -0.2021E-01  , -0.2473E-01  , -0.3372E-01  , -0.4014E-01  , -0.4340E-01  , -0.4276E-01  , -0.4652E-01  , -0.5109E-01  , -0.5039E-01  , -0.5189E-01  , -0.5090E-01  , -0.4983E-01  , -0.4737E-01  , -0.4614E-01  , -0.4168E-01  , -0.3854E-01  , -0.3315E-01  , -0.2747E-01  , -0.2181E-01  , -0.1743E-01  , -0.1174E-01  , -0.7251E-02  , -0.3013E-02  , -0.3013E-02  , -0.3013E-02  , -0.3013E-02  , -0.3013E-02  , -0.3013E-02  , -0.3013E-02  , -0.2972E-02  , -0.1284E-01  , -0.5556E-01  , -0.8059E-01  , -0.3487      , -0.3940      , -0.3940      , -0.3940      ,   0.000      ,   0.000      ,
   0.5500E-01  ,  0.5500E-01  , -0.7627E-03  , -0.3478E-03  , -0.3478E-03  , -0.1484E-02  , -0.1484E-02  , -0.1484E-02  , -0.1484E-02  , -0.1484E-02  , -0.1484E-02  , -0.1484E-02  , -0.1484E-02  , -0.1484E-02  , -0.1484E-02  , -0.1484E-02  ,  0.6255E-01  ,  0.6149E-01  ,   1.000      ,  0.5987E-01  ,  0.5886E-01  ,  0.5786E-01  ,  0.5482E-01  ,  0.5618E-01  ,  0.5662E-01  ,  0.5506E-01  ,  0.5230E-01  ,  0.5135E-01  ,  0.4474E-01  ,  0.4654E-01  ,  0.4194E-01  ,  0.3185E-01  ,  0.3743E-01  ,  0.4038E-01  ,  0.3494E-01  ,  0.3454E-01  ,  0.3015E-01  ,  0.2736E-01  ,  0.2164E-01  ,  0.2243E-01  ,  0.1061E-01  , -0.1179E-02  , -0.6946E-02  , -0.8884E-02  , -0.9962E-02  , -0.1208E-01  , -0.1476E-01  , -0.1869E-01  , -0.2051E-01  , -0.2503E-01  , -0.3419E-01  , -0.4037E-01  , -0.4352E-01  , -0.4280E-01  , -0.4665E-01  , -0.5105E-01  , -0.5034E-01  , -0.5185E-01  , -0.5078E-01  , -0.4979E-01  , -0.4725E-01  , -0.4616E-01  , -0.4180E-01  , -0.3872E-01  , -0.3340E-01  , -0.2777E-01  , -0.2219E-01  , -0.1790E-01  , -0.1229E-01  , -0.7848E-02  , -0.3016E-02  , -0.3016E-02  , -0.3016E-02  , -0.3016E-02  , -0.3016E-02  , -0.3016E-02  , -0.3016E-02  , -0.2836E-02  , -0.1225E-01  , -0.5302E-01  , -0.7625E-01  , -0.3299      , -0.4430      , -0.4430      , -0.4430      ,   0.000      ,   0.000      ,
   0.7500E-01  ,  0.7500E-01  , -0.7442E-03  , -0.3394E-03  , -0.3394E-03  , -0.1593E-02  , -0.1593E-02  , -0.1593E-02  , -0.1593E-02  , -0.1593E-02  , -0.1593E-02  , -0.1593E-02  , -0.1593E-02  , -0.1593E-02  , -0.1593E-02  , -0.1593E-02  ,  0.6121E-01  ,  0.6019E-01  ,  0.5987E-01  ,   1.000      ,  0.6447E-01  ,  0.6004E-01  ,  0.5898E-01  ,  0.6173E-01  ,  0.6321E-01  ,  0.5952E-01  ,  0.5631E-01  ,  0.5558E-01  ,  0.4708E-01  ,  0.4927E-01  ,  0.4296E-01  ,  0.3001E-01  ,  0.3903E-01  ,  0.4268E-01  ,  0.3677E-01  ,  0.3742E-01  ,  0.3226E-01  ,  0.3000E-01  ,  0.2233E-01  ,  0.2498E-01  ,  0.1049E-01  , -0.6295E-03  , -0.7404E-02  , -0.9566E-02  , -0.1004E-01  , -0.1246E-01  , -0.1527E-01  , -0.1917E-01  , -0.2062E-01  , -0.2623E-01  , -0.3781E-01  , -0.4616E-01  , -0.5051E-01  , -0.4560E-01  , -0.4863E-01  , -0.5394E-01  , -0.5214E-01  , -0.5402E-01  , -0.5185E-01  , -0.5040E-01  , -0.4703E-01  , -0.4536E-01  , -0.4050E-01  , -0.3675E-01  , -0.3106E-01  , -0.2563E-01  , -0.2027E-01  , -0.1609E-01  , -0.1080E-01  , -0.6489E-02  , -0.3219E-02  , -0.3219E-02  , -0.3219E-02  , -0.3219E-02  , -0.3219E-02  , -0.3219E-02  , -0.3219E-02  , -0.2811E-02  , -0.1214E-01  , -0.5256E-01  , -0.7452E-01  , -0.3224      , -0.4886      , -0.4886      , -0.4886      ,   0.000      ,   0.000      ,
   0.9500E-01  ,  0.9500E-01  , -0.7040E-03  , -0.3210E-03  , -0.3210E-03  , -0.1577E-02  , -0.1577E-02  , -0.1577E-02  , -0.1577E-02  , -0.1577E-02  , -0.1577E-02  , -0.1577E-02  , -0.1577E-02  , -0.1577E-02  , -0.1577E-02  , -0.1577E-02  ,  0.6051E-01  ,  0.5952E-01  ,  0.5886E-01  ,  0.6447E-01  ,   1.000      ,  0.6663E-01  ,  0.6066E-01  ,  0.6242E-01  ,  0.6355E-01  ,  0.5890E-01  ,  0.5538E-01  ,  0.5508E-01  ,  0.4619E-01  ,  0.4755E-01  ,  0.4152E-01  ,  0.2866E-01  ,  0.3806E-01  ,  0.4139E-01  ,  0.3600E-01  ,  0.3633E-01  ,  0.3173E-01  ,  0.2922E-01  ,  0.2149E-01  ,  0.2306E-01  ,  0.9456E-02  , -0.2638E-02  , -0.8594E-02  , -0.1060E-01  , -0.1055E-01  , -0.1275E-01  , -0.1568E-01  , -0.1974E-01  , -0.2110E-01  , -0.2710E-01  , -0.4017E-01  , -0.4961E-01  , -0.5176E-01  , -0.4473E-01  , -0.4718E-01  , -0.5189E-01  , -0.4998E-01  , -0.5223E-01  , -0.4940E-01  , -0.4824E-01  , -0.4507E-01  , -0.4375E-01  , -0.3913E-01  , -0.3538E-01  , -0.3007E-01  , -0.2407E-01  , -0.1908E-01  , -0.1466E-01  , -0.9415E-02  , -0.5057E-02  , -0.3179E-02  , -0.3179E-02  , -0.3179E-02  , -0.3179E-02  , -0.3179E-02  , -0.3179E-02  , -0.3179E-02  , -0.2681E-02  , -0.1158E-01  , -0.5012E-01  , -0.7055E-01  , -0.3053      , -0.5074      , -0.5074      , -0.5074      ,   0.000      ,   0.000      ,
   0.1150      ,  0.1150      , -0.8138E-03  , -0.3711E-03  , -0.3711E-03  , -0.1713E-02  , -0.1713E-02  , -0.1713E-02  , -0.1713E-02  , -0.1713E-02  , -0.1713E-02  , -0.1713E-02  , -0.1713E-02  , -0.1713E-02  , -0.1713E-02  , -0.1713E-02  ,  0.5912E-01  ,  0.5821E-01  ,  0.5786E-01  ,  0.6004E-01  ,  0.6663E-01  ,   1.000      ,  0.5964E-01  ,  0.6213E-01  ,  0.6390E-01  ,  0.6044E-01  ,  0.5651E-01  ,  0.5589E-01  ,  0.4612E-01  ,  0.4934E-01  ,  0.4295E-01  ,  0.2856E-01  ,  0.3871E-01  ,  0.4230E-01  ,  0.3543E-01  ,  0.3622E-01  ,  0.3181E-01  ,  0.2872E-01  ,  0.2084E-01  ,  0.2371E-01  ,  0.8941E-02  , -0.2597E-02  , -0.9404E-02  , -0.1082E-01  , -0.1139E-01  , -0.1373E-01  , -0.1628E-01  , -0.2107E-01  , -0.2202E-01  , -0.2733E-01  , -0.3984E-01  , -0.4877E-01  , -0.5188E-01  , -0.4622E-01  , -0.4903E-01  , -0.5350E-01  , -0.5151E-01  , -0.5302E-01  , -0.5082E-01  , -0.4971E-01  , -0.4644E-01  , -0.4540E-01  , -0.4049E-01  , -0.3758E-01  , -0.3192E-01  , -0.2588E-01  , -0.2063E-01  , -0.1649E-01  , -0.1132E-01  , -0.7318E-02  , -0.3466E-02  , -0.3466E-02  , -0.3466E-02  , -0.3466E-02  , -0.3466E-02  , -0.3466E-02  , -0.3466E-02  , -0.3066E-02  , -0.1324E-01  , -0.5731E-01  , -0.8147E-01  , -0.3525      , -0.6343      , -0.6343      , -0.6343      ,   0.000      ,   0.000      ,
   0.1375      ,  0.1375      , -0.1003E-02  , -0.4572E-03  , -0.4572E-03  , -0.1816E-02  , -0.1816E-02  , -0.1816E-02  , -0.1816E-02  , -0.1816E-02  , -0.1816E-02  , -0.1816E-02  , -0.1816E-02  , -0.1816E-02  , -0.1816E-02  , -0.1816E-02  ,  0.5757E-01  ,  0.5635E-01  ,  0.5482E-01  ,  0.5898E-01  ,  0.6066E-01  ,  0.5964E-01  ,   1.000      ,  0.6502E-01  ,  0.6385E-01  ,  0.6027E-01  ,  0.5657E-01  ,  0.5500E-01  ,  0.4769E-01  ,  0.4816E-01  ,  0.3951E-01  ,  0.2745E-01  ,  0.3624E-01  ,  0.3911E-01  ,  0.3605E-01  ,  0.3536E-01  ,  0.3019E-01  ,  0.2754E-01  ,  0.1962E-01  ,  0.2208E-01  ,  0.6930E-02  , -0.6185E-02  , -0.1122E-01  , -0.1450E-01  , -0.1403E-01  , -0.1526E-01  , -0.1796E-01  , -0.2112E-01  , -0.2249E-01  , -0.2821E-01  , -0.4478E-01  , -0.5832E-01  , -0.6123E-01  , -0.4786E-01  , -0.4824E-01  , -0.5412E-01  , -0.5174E-01  , -0.5295E-01  , -0.4990E-01  , -0.4686E-01  , -0.4436E-01  , -0.4155E-01  , -0.3681E-01  , -0.3330E-01  , -0.2773E-01  , -0.2218E-01  , -0.1666E-01  , -0.1262E-01  , -0.7418E-02  , -0.3482E-02  , -0.3706E-02  , -0.3706E-02  , -0.3706E-02  , -0.3706E-02  , -0.3706E-02  , -0.3706E-02  , -0.3706E-02  , -0.3687E-02  , -0.1592E-01  , -0.6893E-01  , -0.1001      , -0.4332      , -0.8390      , -0.8390      , -0.8390      ,   0.000      ,   0.000      ,
   0.1650      ,  0.1650      , -0.7470E-03  , -0.3406E-03  , -0.3406E-03  , -0.1782E-02  , -0.1782E-02  , -0.1782E-02  , -0.1782E-02  , -0.1782E-02  , -0.1782E-02  , -0.1782E-02  , -0.1782E-02  , -0.1782E-02  , -0.1782E-02  , -0.1782E-02  ,  0.5750E-01  ,  0.5657E-01  ,  0.5618E-01  ,  0.6173E-01  ,  0.6242E-01  ,  0.6213E-01  ,  0.6502E-01  ,   1.000      ,  0.8373E-01  ,  0.6518E-01  ,  0.6007E-01  ,  0.5990E-01  ,  0.4877E-01  ,  0.5256E-01  ,  0.4224E-01  ,  0.2501E-01  ,  0.3956E-01  ,  0.4197E-01  ,  0.3549E-01  ,  0.3699E-01  ,  0.3244E-01  ,  0.3049E-01  ,  0.1988E-01  ,  0.2349E-01  ,  0.6884E-02  , -0.5891E-02  , -0.1319E-01  , -0.1470E-01  , -0.1441E-01  , -0.1627E-01  , -0.1916E-01  , -0.2378E-01  , -0.2464E-01  , -0.3121E-01  , -0.4673E-01  , -0.5763E-01  , -0.6041E-01  , -0.4918E-01  , -0.5109E-01  , -0.5584E-01  , -0.5370E-01  , -0.5514E-01  , -0.5227E-01  , -0.4950E-01  , -0.4678E-01  , -0.4538E-01  , -0.4113E-01  , -0.3782E-01  , -0.3168E-01  , -0.2631E-01  , -0.1988E-01  , -0.1580E-01  , -0.1068E-01  , -0.6222E-02  , -0.3581E-02  , -0.3581E-02  , -0.3581E-02  , -0.3581E-02  , -0.3581E-02  , -0.3581E-02  , -0.3581E-02  , -0.2878E-02  , -0.1243E-01  , -0.5380E-01  , -0.7495E-01  , -0.3243      , -0.6719      , -0.6719      , -0.6719      ,   0.000      ,   0.000      ,
   0.1950      ,  0.1950      , -0.7534E-03  , -0.3436E-03  , -0.3435E-03  , -0.1895E-02  , -0.1895E-02  , -0.1895E-02  , -0.1895E-02  , -0.1895E-02  , -0.1895E-02  , -0.1895E-02  , -0.1895E-02  , -0.1895E-02  , -0.1895E-02  , -0.1895E-02  ,  0.5746E-01  ,  0.5661E-01  ,  0.5662E-01  ,  0.6321E-01  ,  0.6355E-01  ,  0.6390E-01  ,  0.6385E-01  ,  0.8373E-01  ,   1.000      ,  0.8332E-01  ,  0.6343E-01  ,  0.6476E-01  ,  0.5050E-01  ,  0.5521E-01  ,  0.4527E-01  ,  0.2744E-01  ,  0.4125E-01  ,  0.4403E-01  ,  0.3589E-01  ,  0.3810E-01  ,  0.3297E-01  ,  0.3114E-01  ,  0.1979E-01  ,  0.2395E-01  ,  0.6404E-02  , -0.4987E-02  , -0.1529E-01  , -0.1469E-01  , -0.1544E-01  , -0.1804E-01  , -0.2097E-01  , -0.2558E-01  , -0.2672E-01  , -0.3319E-01  , -0.4752E-01  , -0.5828E-01  , -0.5995E-01  , -0.5075E-01  , -0.5308E-01  , -0.5733E-01  , -0.5534E-01  , -0.5683E-01  , -0.5320E-01  , -0.5111E-01  , -0.4747E-01  , -0.4598E-01  , -0.4081E-01  , -0.3780E-01  , -0.3199E-01  , -0.2541E-01  , -0.1988E-01  , -0.1507E-01  , -0.1018E-01  , -0.5963E-02  , -0.3800E-02  , -0.3800E-02  , -0.3800E-02  , -0.3800E-02  , -0.3800E-02  , -0.3800E-02  , -0.3800E-02  , -0.2932E-02  , -0.1266E-01  , -0.5482E-01  , -0.7568E-01  , -0.3274      , -0.7184      , -0.7184      , -0.7184      ,   0.000      ,   0.000      ,
   0.2250      ,  0.2250      , -0.9991E-03  , -0.4556E-03  , -0.4556E-03  , -0.2125E-02  , -0.2125E-02  , -0.2125E-02  , -0.2125E-02  , -0.2125E-02  , -0.2125E-02  , -0.2125E-02  , -0.2125E-02  , -0.2125E-02  , -0.2125E-02  , -0.2125E-02  ,  0.5643E-01  ,  0.5549E-01  ,  0.5506E-01  ,  0.5952E-01  ,  0.5890E-01  ,  0.6044E-01  ,  0.6027E-01  ,  0.6518E-01  ,  0.8332E-01  ,   1.000      ,  0.8534E-01  ,  0.7971E-01  ,  0.6066E-01  ,  0.6208E-01  ,  0.5045E-01  ,  0.3262E-01  ,  0.4251E-01  ,  0.4537E-01  ,  0.3636E-01  ,  0.3818E-01  ,  0.3195E-01  ,  0.2867E-01  ,  0.1878E-01  ,  0.2045E-01  ,  0.3399E-02  , -0.6940E-02  , -0.1603E-01  , -0.1692E-01  , -0.1812E-01  , -0.1949E-01  , -0.2249E-01  , -0.2694E-01  , -0.2750E-01  , -0.3411E-01  , -0.4965E-01  , -0.5914E-01  , -0.6178E-01  , -0.5210E-01  , -0.5573E-01  , -0.5998E-01  , -0.5793E-01  , -0.5921E-01  , -0.5749E-01  , -0.5643E-01  , -0.5291E-01  , -0.5198E-01  , -0.4706E-01  , -0.4362E-01  , -0.3776E-01  , -0.3121E-01  , -0.2565E-01  , -0.2124E-01  , -0.1550E-01  , -0.1101E-01  , -0.4298E-02  , -0.4298E-02  , -0.4297E-02  , -0.4297E-02  , -0.4297E-02  , -0.4297E-02  , -0.4297E-02  , -0.3771E-02  , -0.1628E-01  , -0.7049E-01  , -0.1000      , -0.4329      , -0.9992      , -0.9992      , -0.9992      ,   0.000      ,   0.000      ,
   0.2600      ,  0.2600      , -0.1356E-02  , -0.6183E-03  , -0.6183E-03  , -0.2452E-02  , -0.2452E-02  , -0.2452E-02  , -0.2452E-02  , -0.2452E-02  , -0.2452E-02  , -0.2452E-02  , -0.2452E-02  , -0.2452E-02  , -0.2452E-02  , -0.2452E-02  ,  0.5359E-01  ,  0.5265E-01  ,  0.5230E-01  ,  0.5631E-01  ,  0.5538E-01  ,  0.5651E-01  ,  0.5657E-01  ,  0.6007E-01  ,  0.6343E-01  ,  0.8534E-01  ,   1.000      ,  0.9136E-01  ,  0.6083E-01  ,  0.6345E-01  ,  0.5037E-01  ,  0.3011E-01  ,  0.4207E-01  ,  0.4483E-01  ,  0.3688E-01  ,  0.3621E-01  ,  0.3125E-01  ,  0.2806E-01  ,  0.1648E-01  ,  0.1959E-01  ,  0.1157E-02  , -0.8984E-02  , -0.1837E-01  , -0.1925E-01  , -0.2025E-01  , -0.2220E-01  , -0.2520E-01  , -0.2859E-01  , -0.2972E-01  , -0.3620E-01  , -0.5222E-01  , -0.6254E-01  , -0.6481E-01  , -0.5342E-01  , -0.5609E-01  , -0.6118E-01  , -0.6023E-01  , -0.6010E-01  , -0.5963E-01  , -0.5754E-01  , -0.5385E-01  , -0.5375E-01  , -0.4700E-01  , -0.4410E-01  , -0.3747E-01  , -0.3097E-01  , -0.2552E-01  , -0.2168E-01  , -0.1596E-01  , -0.1083E-01  , -0.5004E-02  , -0.5004E-02  , -0.5004E-02  , -0.5004E-02  , -0.5004E-02  , -0.5004E-02  , -0.5004E-02  , -0.4985E-02  , -0.2153E-01  , -0.9320E-01  , -0.1354      , -0.5859      ,  -1.421      ,  -1.421      ,  -1.421      ,   0.000      ,   0.000      ,
   0.3050      ,  0.3050      , -0.8435E-03  , -0.3846E-03  , -0.3846E-03  , -0.2173E-02  , -0.2173E-02  , -0.2173E-02  , -0.2173E-02  , -0.2173E-02  , -0.2173E-02  , -0.2173E-02  , -0.2173E-02  , -0.2173E-02  , -0.2173E-02  , -0.2173E-02  ,  0.5250E-01  ,  0.5161E-01  ,  0.5135E-01  ,  0.5558E-01  ,  0.5508E-01  ,  0.5589E-01  ,  0.5500E-01  ,  0.5990E-01  ,  0.6476E-01  ,  0.7971E-01  ,  0.9136E-01  ,   1.000      ,  0.6468E-01  ,  0.6876E-01  ,  0.5185E-01  ,  0.3300E-01  ,  0.4199E-01  ,  0.4640E-01  ,  0.3558E-01  ,  0.3768E-01  ,  0.2926E-01  ,  0.2779E-01  ,  0.1843E-01  ,  0.1940E-01  ,  0.1488E-04  , -0.1035E-01  , -0.1865E-01  , -0.2034E-01  , -0.2046E-01  , -0.2302E-01  , -0.2636E-01  , -0.3080E-01  , -0.3164E-01  , -0.3630E-01  , -0.5173E-01  , -0.6310E-01  , -0.6574E-01  , -0.5476E-01  , -0.5821E-01  , -0.6330E-01  , -0.6268E-01  , -0.6383E-01  , -0.6183E-01  , -0.5985E-01  , -0.5663E-01  , -0.5557E-01  , -0.4901E-01  , -0.4578E-01  , -0.4127E-01  , -0.3476E-01  , -0.2858E-01  , -0.2364E-01  , -0.1767E-01  , -0.1364E-01  , -0.4352E-02  , -0.4352E-02  , -0.4352E-02  , -0.4352E-02  , -0.4352E-02  , -0.4352E-02  , -0.4352E-02  , -0.3298E-02  , -0.1424E-01  , -0.6166E-01  , -0.8477E-01  , -0.3668      , -0.9312      , -0.9312      , -0.9312      ,   0.000      ,   0.000      ,
   0.3550      ,  0.3550      , -0.7368E-03  , -0.3360E-03  , -0.3360E-03  , -0.1924E-02  , -0.1924E-02  , -0.1924E-02  , -0.1924E-02  , -0.1924E-02  , -0.1924E-02  , -0.1924E-02  , -0.1924E-02  , -0.1924E-02  , -0.1924E-02  , -0.1924E-02  ,  0.4710E-01  ,  0.4599E-01  ,  0.4474E-01  ,  0.4708E-01  ,  0.4619E-01  ,  0.4612E-01  ,  0.4769E-01  ,  0.4877E-01  ,  0.5050E-01  ,  0.6066E-01  ,  0.6083E-01  ,  0.6468E-01  ,   1.000      ,  0.6262E-01  ,  0.4972E-01  ,  0.3301E-01  ,  0.4091E-01  ,  0.4235E-01  ,  0.3685E-01  ,  0.3462E-01  ,  0.2871E-01  ,  0.2483E-01  ,  0.1503E-01  ,  0.1456E-01  , -0.1906E-02  , -0.1441E-01  , -0.1984E-01  , -0.2232E-01  , -0.2260E-01  , -0.2398E-01  , -0.2553E-01  , -0.2873E-01  , -0.3099E-01  , -0.3650E-01  , -0.5270E-01  , -0.6574E-01  , -0.6765E-01  , -0.5261E-01  , -0.5424E-01  , -0.5865E-01  , -0.5625E-01  , -0.5961E-01  , -0.5810E-01  , -0.5464E-01  , -0.5374E-01  , -0.5045E-01  , -0.4533E-01  , -0.4246E-01  , -0.3749E-01  , -0.3132E-01  , -0.2488E-01  , -0.2165E-01  , -0.1632E-01  , -0.1293E-01  , -0.3852E-02  , -0.3852E-02  , -0.3852E-02  , -0.3852E-02  , -0.3852E-02  , -0.3852E-02  , -0.3852E-02  , -0.2889E-02  , -0.1248E-01  , -0.5402E-01  , -0.7407E-01  , -0.3205      , -0.8445      , -0.8445      , -0.8445      ,   0.000      ,   0.000      ,
   0.4050      ,  0.4050      , -0.7538E-03  , -0.3437E-03  , -0.3437E-03  , -0.2141E-02  , -0.2141E-02  , -0.2141E-02  , -0.2141E-02  , -0.2141E-02  , -0.2141E-02  , -0.2141E-02  , -0.2141E-02  , -0.2141E-02  , -0.2141E-02  , -0.2141E-02  ,  0.4768E-01  ,  0.4683E-01  ,  0.4654E-01  ,  0.4927E-01  ,  0.4755E-01  ,  0.4934E-01  ,  0.4816E-01  ,  0.5256E-01  ,  0.5521E-01  ,  0.6208E-01  ,  0.6345E-01  ,  0.6876E-01  ,  0.6262E-01  ,   1.000      ,  0.6945E-01  ,  0.3446E-01  ,  0.4538E-01  ,  0.5089E-01  ,  0.3946E-01  ,  0.3867E-01  ,  0.3348E-01  ,  0.2594E-01  ,  0.1777E-01  ,  0.1853E-01  , -0.1699E-02  , -0.1281E-01  , -0.2031E-01  , -0.2027E-01  , -0.2148E-01  , -0.2378E-01  , -0.2552E-01  , -0.3137E-01  , -0.3097E-01  , -0.3653E-01  , -0.5198E-01  , -0.6123E-01  , -0.6354E-01  , -0.5418E-01  , -0.5727E-01  , -0.6245E-01  , -0.5950E-01  , -0.6056E-01  , -0.5860E-01  , -0.5865E-01  , -0.5564E-01  , -0.5225E-01  , -0.4969E-01  , -0.4677E-01  , -0.4122E-01  , -0.3555E-01  , -0.3013E-01  , -0.2511E-01  , -0.2031E-01  , -0.1524E-01  , -0.4272E-02  , -0.4272E-02  , -0.4272E-02  , -0.4272E-02  , -0.4272E-02  , -0.4272E-02  , -0.4272E-02  , -0.3008E-02  , -0.1299E-01  , -0.5624E-01  , -0.7592E-01  , -0.3285      , -0.8903      , -0.8903      , -0.8903      ,   0.000      ,   0.000      ,
   0.4550      ,  0.4550      , -0.6985E-03  , -0.3185E-03  , -0.3185E-03  , -0.2115E-02  , -0.2115E-02  , -0.2115E-02  , -0.2115E-02  , -0.2115E-02  , -0.2115E-02  , -0.2115E-02  , -0.2115E-02  , -0.2115E-02  , -0.2115E-02  , -0.2115E-02  ,  0.4305E-01  ,  0.4225E-01  ,  0.4194E-01  ,  0.4296E-01  ,  0.4152E-01  ,  0.4295E-01  ,  0.3951E-01  ,  0.4224E-01  ,  0.4527E-01  ,  0.5045E-01  ,  0.5037E-01  ,  0.5185E-01  ,  0.4972E-01  ,  0.6945E-01  ,   1.000      ,  0.3237E-01  ,  0.5097E-01  ,  0.5218E-01  ,  0.4015E-01  ,  0.3923E-01  ,  0.3455E-01  ,  0.3300E-01  ,  0.1839E-01  ,  0.2342E-01  , -0.3949E-03  , -0.9538E-02  , -0.1954E-01  , -0.1993E-01  , -0.2211E-01  , -0.2277E-01  , -0.2548E-01  , -0.2802E-01  , -0.3035E-01  , -0.3631E-01  , -0.4928E-01  , -0.5671E-01  , -0.5846E-01  , -0.5180E-01  , -0.5480E-01  , -0.5987E-01  , -0.5704E-01  , -0.5955E-01  , -0.5813E-01  , -0.5642E-01  , -0.5355E-01  , -0.5156E-01  , -0.4980E-01  , -0.4704E-01  , -0.4019E-01  , -0.3523E-01  , -0.3031E-01  , -0.2663E-01  , -0.2129E-01  , -0.1582E-01  , -0.4209E-02  , -0.4209E-02  , -0.4209E-02  , -0.4209E-02  , -0.4209E-02  , -0.4209E-02  , -0.4209E-02  , -0.2828E-02  , -0.1221E-01  , -0.5286E-01  , -0.7046E-01  , -0.3049      , -0.8440      , -0.8440      , -0.8440      ,   0.000      ,   0.000      ,
   0.5050      ,  0.5050      , -0.5493E-03  , -0.2505E-03  , -0.2505E-03  , -0.1644E-02  , -0.1644E-02  , -0.1644E-02  , -0.1644E-02  , -0.1644E-02  , -0.1644E-02  , -0.1644E-02  , -0.1644E-02  , -0.1644E-02  , -0.1644E-02  , -0.1644E-02  ,  0.3401E-01  ,  0.3307E-01  ,  0.3185E-01  ,  0.3001E-01  ,  0.2866E-01  ,  0.2856E-01  ,  0.2745E-01  ,  0.2501E-01  ,  0.2744E-01  ,  0.3262E-01  ,  0.3011E-01  ,  0.3300E-01  ,  0.3301E-01  ,  0.3446E-01  ,  0.3237E-01  ,   1.000      ,  0.2559E-01  ,  0.2560E-01  ,  0.2120E-01  ,  0.1948E-01  ,  0.1648E-01  ,  0.1250E-01  ,  0.1040E-01  ,  0.6136E-02  , -0.5712E-02  , -0.1266E-01  , -0.1881E-01  , -0.1931E-01  , -0.2102E-01  , -0.2247E-01  , -0.2327E-01  , -0.2431E-01  , -0.2684E-01  , -0.3144E-01  , -0.4137E-01  , -0.5003E-01  , -0.5143E-01  , -0.4511E-01  , -0.4620E-01  , -0.4978E-01  , -0.4877E-01  , -0.4929E-01  , -0.4888E-01  , -0.4699E-01  , -0.4494E-01  , -0.4526E-01  , -0.4009E-01  , -0.3802E-01  , -0.3335E-01  , -0.2941E-01  , -0.2493E-01  , -0.2177E-01  , -0.1773E-01  , -0.1426E-01  , -0.3272E-02  , -0.3272E-02  , -0.3272E-02  , -0.3272E-02  , -0.3272E-02  , -0.3272E-02  , -0.3272E-02  , -0.2218E-02  , -0.9578E-02  , -0.4146E-01  , -0.5540E-01  , -0.2397      , -0.6741      , -0.6741      , -0.6741      ,   0.000      ,   0.000      ,
