    0.000      ,   0.000      ,   1.000      ,  0.8303      ,  0.8303      , -0.2121E-03  , -0.2809E-03  , -0.1514E-03  , -0.2737E-03  , -0.1558E-03  , -0.1653E-03  , -0.2225E-03  , -0.2578E-03  , -0.2440E-03  , -0.1753E-03  , -0.3224E-03  , -0.7337E-03  , -0.6562E-03  , -0.6220E-03  , -0.6083E-03  , -0.5762E-03  , -0.6613E-03  , -0.8050E-03  , -0.6103E-03  , -0.6161E-03  , -0.8075E-03  , -0.1081E-02  , -0.6887E-03  , -0.6012E-03  , -0.6165E-03  , -0.5717E-03  , -0.4476E-03  , -0.5154E-03  , -0.5586E-03  , -0.4889E-03  , -0.3868E-03  , -0.4247E-03  , -0.4736E-03  , -0.2941E-03  , -0.9959E-03  , -0.1554E-02  , -0.1945E-03  , -0.1195E-03  ,  0.4377E-04  ,  0.1433E-03  ,  0.1854E-03  ,  0.1323E-03  ,  0.1044E-03  ,  0.4871E-04  , -0.4240E-03  , -0.9658E-03  ,  0.3323E-03  ,  0.6169E-03  ,  0.8570E-03  ,  0.6753E-03  ,  0.4627E-03  ,  0.1214E-02  ,  0.1380E-02  ,  0.1453E-02  ,  0.1402E-02  ,  0.1302E-02  ,  0.1211E-02  ,  0.1052E-02  ,  0.1423E-02  ,  0.1381E-02  ,  0.1295E-02  ,  0.1183E-02  ,  0.1115E-02  ,  0.9988E-03  ,  0.9124E-03  , -0.2891E-03  , -0.4497E-03  , -0.4189E-03  , -0.3603E-03  , -0.3032E-03  , -0.3908E-03  , -0.2497E-03  , -0.6248E-04  ,  0.2054E-03  ,  0.4317E-03  ,  0.4317E-03  ,
   0.1000E-07  ,  0.1000E-07  ,  0.8303      ,   1.000      ,  0.4348      ,  0.1135      , -0.7796E-01  ,  0.1625      , -0.1301      ,  0.1546E-01  , -0.1054      ,  0.1755E-01  , -0.7590E-01  ,  0.5807E-01  ,  0.7353E-01  , -0.4715E-01  , -0.1715E-04  ,  0.9901E-04  ,  0.1787E-03  ,  0.1871E-03  ,  0.2456E-03  ,  0.2800E-03  ,  0.4131E-03  ,  0.5520E-03  ,  0.5280E-03  ,  0.5691E-03  ,  0.6897E-03  ,  0.1046E-02  ,  0.1319E-02  ,  0.1148E-02  ,  0.1190E-02  ,  0.1709E-02  ,  0.1119E-02  ,  0.1028E-02  ,  0.1160E-02  ,  0.1167E-02  ,  0.1368E-02  ,  0.1035E-02  ,  0.1624E-02  ,  0.1045E-02  ,  0.1641E-02  ,  0.2214E-02  ,  0.2184E-02  ,  0.1943E-02  ,  0.2028E-02  ,  0.1949E-02  ,  0.1816E-02  ,  0.1719E-02  ,  0.1584E-02  ,  0.1727E-02  ,  0.1817E-02  ,  0.2490E-02  ,  0.2452E-02  ,  0.2594E-02  ,  0.2478E-02  ,  0.2447E-02  ,  0.2725E-02  ,  0.2601E-02  ,  0.2258E-02  ,  0.2012E-02  ,  0.1765E-02  ,  0.1659E-02  ,  0.1646E-02  ,  0.1629E-02  ,  0.1388E-02  ,  0.1170E-02  ,  0.9937E-03  ,  0.8409E-03  ,  0.7213E-03  ,  0.6226E-03  , -0.1578E-01  ,  0.2594E-01  , -0.4327E-01  , -0.8286E-01  ,  0.1132      , -0.2827E-01  ,  0.3048E-01  ,  0.3824E-03  ,  0.1080E-02  ,  0.1040E-02  ,  0.1040E-02  ,
   0.1000E-04  ,  0.1000E-04  ,  0.8303      ,  0.4348      ,   1.000      , -0.1136      ,  0.7759E-01  , -0.1626      ,  0.1298      , -0.1557E-01  ,  0.1053      , -0.1777E-01  ,  0.7557E-01  , -0.5833E-01  , -0.7369E-01  ,  0.4677E-01  , -0.7447E-03  , -0.7714E-03  , -0.8122E-03  , -0.8032E-03  , -0.8273E-03  , -0.9591E-03  , -0.1263E-02  , -0.1171E-02  , -0.1151E-02  , -0.1409E-02  , -0.1850E-02  , -0.1746E-02  , -0.1931E-02  , -0.1771E-02  , -0.1767E-02  , -0.2166E-02  , -0.1643E-02  , -0.1590E-02  , -0.1652E-02  , -0.1548E-02  , -0.1795E-02  , -0.1515E-02  , -0.1920E-02  , -0.2116E-02  , -0.3388E-02  , -0.2413E-02  , -0.2300E-02  , -0.1888E-02  , -0.1870E-02  , -0.1748E-02  , -0.1675E-02  , -0.1607E-02  , -0.1534E-02  , -0.2227E-02  , -0.2960E-02  , -0.2133E-02  , -0.1799E-02  , -0.1699E-02  , -0.1812E-02  , -0.2049E-02  , -0.1455E-02  , -0.1159E-02  , -0.7488E-03  , -0.5706E-03  , -0.4391E-03  , -0.4472E-03  , -0.6134E-03  , -0.1546E-03  ,  0.4181E-04  ,  0.1670E-03  ,  0.2238E-03  ,  0.2906E-03  ,  0.2851E-03  ,  0.2959E-03  ,  0.1554E-01  , -0.2651E-01  ,  0.4283E-01  ,  0.8251E-01  , -0.1135      ,  0.2787E-01  , -0.3083E-01  ,  0.3725E-03  ,  0.1185E-02  ,  0.1840E-02  ,  0.1840E-02  ,
   0.2000E-04  ,  0.2000E-04  , -0.2121E-03  ,  0.1135      , -0.1136      ,   1.000      ,  0.5154      ,  0.7397      ,  0.1471      ,  0.6730      ,  0.5195      ,  0.4905      ,  0.5595      ,  0.4871      ,  0.6142      ,  0.4077      , -0.1847E-02  , -0.1835E-02  , -0.1885E-02  , -0.1997E-02  , -0.2009E-02  , -0.2210E-02  , -0.2473E-02  , -0.2452E-02  , -0.2552E-02  , -0.2901E-02  , -0.3447E-02  , -0.3235E-02  , -0.3141E-02  , -0.3248E-02  , -0.3234E-02  , -0.3072E-02  , -0.3284E-02  , -0.3385E-02  , -0.3262E-02  , -0.3199E-02  , -0.3124E-02  , -0.3339E-02  , -0.2953E-02  , -0.4017E-02  , -0.4952E-02  , -0.3891E-02  , -0.3815E-02  , -0.3720E-02  , -0.3530E-02  , -0.3462E-02  , -0.3481E-02  , -0.3465E-02  , -0.3494E-02  , -0.4096E-02  , -0.5105E-02  , -0.3964E-02  , -0.3520E-02  , -0.3024E-02  , -0.3209E-02  , -0.3518E-02  , -0.2634E-02  , -0.2157E-02  , -0.1894E-02  , -0.1700E-02  , -0.1579E-02  , -0.1597E-02  , -0.1628E-02  , -0.1102E-02  , -0.8538E-03  , -0.7021E-03  , -0.5765E-03  , -0.5360E-03  , -0.4403E-03  , -0.3837E-03  ,  0.5657E-01  , -0.2596E-01  , -0.9046E-01  ,  0.1602E-01  ,  0.1145      , -0.4454E-01  , -0.3409E-01  , -0.8308E-03  , -0.4222E-02  , -0.1164E-01  , -0.1164E-01  ,
   0.5000E-04  ,  0.5000E-04  , -0.2809E-03  , -0.7796E-01  ,  0.7759E-01  ,  0.5154      ,   1.000      ,  0.2682      ,  0.4925      ,  0.1813      ,  0.2210      ,  0.2801      ,  0.5193      ,  0.2811      ,  0.2224      ,  0.5463      , -0.4703E-03  , -0.3018E-03  , -0.2008E-03  , -0.2804E-03  , -0.1947E-03  , -0.1469E-03  ,  0.1677E-03  ,  0.2339E-03  ,  0.1147E-03  ,  0.2137E-03  ,  0.4780E-03  ,  0.9046E-03  ,  0.1492E-02  ,  0.1041E-02  ,  0.1094E-02  ,  0.2252E-02  ,  0.8380E-03  ,  0.6055E-03  ,  0.9067E-03  ,  0.8347E-03  ,  0.1399E-02  ,  0.5481E-03  ,  0.1953E-02  ,  0.7843E-03  ,  0.2269E-02  ,  0.2522E-02  ,  0.2436E-02  ,  0.1743E-02  ,  0.1941E-02  ,  0.1763E-02  ,  0.1520E-02  ,  0.1351E-02  ,  0.1093E-02  ,  0.1624E-02  ,  0.1862E-02  ,  0.2463E-02  ,  0.2357E-02  ,  0.2741E-02  ,  0.2616E-02  ,  0.2643E-02  ,  0.2898E-02  ,  0.2757E-02  ,  0.2083E-02  ,  0.1738E-02  ,  0.1391E-02  ,  0.1268E-02  ,  0.1427E-02  ,  0.1255E-02  ,  0.9345E-03  ,  0.6474E-03  ,  0.4630E-03  ,  0.2432E-03  ,  0.1804E-03  ,  0.1018E-03  , -0.2746      ,  0.2806      ,  0.7235E-01  ,  0.3031E-01  , -0.3253E-01  , -0.1699      ,  0.8995E-01  , -0.6649E-03  , -0.3097E-02  , -0.1073E-01  , -0.1073E-01  ,
   0.8000E-04  ,  0.8000E-04  , -0.1514E-03  ,  0.1625      , -0.1626      ,  0.7397      ,  0.2682      ,   1.000      ,  0.2487      ,  0.4635      ,  0.4880      ,  0.3992      ,  0.5202      ,  0.5711      ,  0.5316      ,  0.1821E-01  , -0.9107E-03  , -0.7778E-03  , -0.7138E-03  , -0.8074E-03  , -0.7465E-03  , -0.7685E-03  , -0.6076E-03  , -0.5484E-03  , -0.6721E-03  , -0.6971E-03  , -0.6559E-03  , -0.2678E-03  ,  0.2149E-03  , -0.1653E-03  , -0.1207E-03  ,  0.8187E-03  , -0.3340E-03  , -0.5385E-03  , -0.2742E-03  , -0.3064E-03  ,  0.1486E-03  , -0.5713E-03  ,  0.6241E-03  , -0.5908E-03  ,  0.2681E-03  ,  0.7886E-03  ,  0.7414E-03  ,  0.2367E-03  ,  0.4431E-03  ,  0.3357E-03  ,  0.1345E-03  ,  0.1024E-04  , -0.1974E-03  ,  0.3279E-04  , -0.8736E-04  ,  0.7137E-03  ,  0.7663E-03  ,  0.1206E-02  ,  0.1063E-02  ,  0.9909E-03  ,  0.1445E-02  ,  0.1477E-02  ,  0.1043E-02  ,  0.8350E-03  ,  0.6001E-03  ,  0.4969E-03  ,  0.6094E-03  ,  0.6402E-03  ,  0.4682E-03  ,  0.2881E-03  ,  0.1806E-03  ,  0.2319E-04  ,  0.7685E-05  , -0.3157E-04  ,  0.1979      , -0.9788E-01  , -0.4612      ,  0.6104E-01  ,  0.3529      , -0.1272      ,  0.6885E-01  , -0.8003E-03  , -0.3596E-02  , -0.1533E-01  , -0.1533E-01  ,
   0.1000E-03  ,  0.1000E-03  , -0.2737E-03  , -0.1301      ,  0.1298      ,  0.1471      ,  0.4925      ,  0.2487      ,   1.000      ,  0.2235      ,  0.2942      ,  0.3829      ,  0.2639      ,  0.2403      ,  0.1790      ,  0.3168      , -0.1578E-02  , -0.1675E-02  , -0.1788E-02  , -0.1854E-02  , -0.1920E-02  , -0.2151E-02  , -0.2610E-02  , -0.2634E-02  , -0.2661E-02  , -0.3069E-02  , -0.3774E-02  , -0.3840E-02  , -0.4110E-02  , -0.3936E-02  , -0.3956E-02  , -0.4513E-02  , -0.3844E-02  , -0.3802E-02  , -0.3874E-02  , -0.3773E-02  , -0.4046E-02  , -0.3740E-02  , -0.4217E-02  , -0.4552E-02  , -0.6397E-02  , -0.5529E-02  , -0.5371E-02  , -0.4861E-02  , -0.4803E-02  , -0.4616E-02  , -0.4479E-02  , -0.4349E-02  , -0.4224E-02  , -0.5161E-02  , -0.6316E-02  , -0.5572E-02  , -0.5043E-02  , -0.4796E-02  , -0.4896E-02  , -0.5210E-02  , -0.4488E-02  , -0.3914E-02  , -0.3230E-02  , -0.2823E-02  , -0.2485E-02  , -0.2422E-02  , -0.2545E-02  , -0.1906E-02  , -0.1449E-02  , -0.1120E-02  , -0.8831E-03  , -0.7024E-03  , -0.5640E-03  , -0.4516E-03  , -0.1959E-01  ,  0.2261E-01  ,  0.1871      , -0.1122      , -0.1145      ,  0.8124E-01  , -0.5135E-01  , -0.6789E-03  , -0.2445E-02  , -0.1088E-01  , -0.1088E-01  ,
   0.2000E-03  ,  0.2000E-03  , -0.1558E-03  ,  0.1546E-01  , -0.1557E-01  ,  0.6730      ,  0.1813      ,  0.4635      ,  0.2235      ,   1.000      ,  0.7255      ,  0.2328      ,  0.1645      ,  0.1902      ,  0.5717      ,  0.2160      , -0.1091E-02  , -0.1044E-02  , -0.1046E-02  , -0.1126E-02  , -0.1111E-02  , -0.1202E-02  , -0.1256E-02  , -0.1234E-02  , -0.1318E-02  , -0.1473E-02  , -0.1685E-02  , -0.1477E-02  , -0.1278E-02  , -0.1450E-02  , -0.1429E-02  , -0.1047E-02  , -0.1521E-02  , -0.1635E-02  , -0.1492E-02  , -0.1480E-02  , -0.1293E-02  , -0.1623E-02  , -0.1062E-02  , -0.1907E-02  , -0.2001E-02  , -0.1411E-02  , -0.1397E-02  , -0.1524E-02  , -0.1374E-02  , -0.1385E-02  , -0.1456E-02  , -0.1490E-02  , -0.1569E-02  , -0.1737E-02  , -0.2189E-02  , -0.1470E-02  , -0.1266E-02  , -0.9054E-03  , -0.1027E-02  , -0.1174E-02  , -0.6650E-03  , -0.4507E-03  , -0.4836E-03  , -0.4671E-03  , -0.4884E-03  , -0.5254E-03  , -0.4983E-03  , -0.2792E-03  , -0.2297E-03  , -0.2206E-03  , -0.2005E-03  , -0.2260E-03  , -0.1847E-03  , -0.1718E-03  ,  0.2230      , -0.3871      ,  0.1532      , -0.4515E-01  ,  0.2238E-01  ,  0.5268E-01  , -0.2698E-01  , -0.8117E-03  , -0.3117E-02  , -0.1304E-01  , -0.1304E-01  ,
   0.5000E-03  ,  0.5000E-03  , -0.1653E-03  , -0.1054      ,  0.1053      ,  0.5195      ,  0.2210      ,  0.4880      ,  0.2942      ,  0.7255      ,   1.000      ,  0.3230E-01  ,  0.1259      ,  0.1527      ,  0.3216      ,  0.1271      , -0.1059E-02  , -0.1068E-02  , -0.1107E-02  , -0.1166E-02  , -0.1181E-02  , -0.1305E-02  , -0.1488E-02  , -0.1482E-02  , -0.1532E-02  , -0.1747E-02  , -0.2091E-02  , -0.2007E-02  , -0.2001E-02  , -0.2026E-02  , -0.2022E-02  , -0.2026E-02  , -0.2029E-02  , -0.2068E-02  , -0.2022E-02  , -0.1978E-02  , -0.1982E-02  , -0.2036E-02  , -0.1929E-02  , -0.2452E-02  , -0.3131E-02  , -0.2535E-02  , -0.2479E-02  , -0.2367E-02  , -0.2277E-02  , -0.2220E-02  , -0.2212E-02  , -0.2185E-02  , -0.2176E-02  , -0.2575E-02  , -0.3191E-02  , -0.2578E-02  , -0.2306E-02  , -0.2047E-02  , -0.2141E-02  , -0.2323E-02  , -0.1826E-02  , -0.1529E-02  , -0.1311E-02  , -0.1165E-02  , -0.1063E-02  , -0.1062E-02  , -0.1094E-02  , -0.7669E-03  , -0.5917E-03  , -0.4790E-03  , -0.3908E-03  , -0.3449E-03  , -0.2795E-03  , -0.2356E-03  ,  0.1968      , -0.3082      , -0.1092E-01  ,  0.1951      , -0.1361      ,  0.9820E-01  , -0.3597E-01  , -0.5244E-03  , -0.2366E-02  , -0.1011E-01  , -0.1011E-01  ,
   0.8000E-03  ,  0.8000E-03  , -0.2225E-03  ,  0.1755E-01  , -0.1777E-01  ,  0.4905      ,  0.2801      ,  0.3992      ,  0.3829      ,  0.2328      ,  0.3230E-01  ,   1.000      ,  0.2259      ,  0.3996      ,  0.4372      ,  0.2828      , -0.1210E-02  , -0.1221E-02  , -0.1264E-02  , -0.1334E-02  , -0.1352E-02  , -0.1490E-02  , -0.1697E-02  , -0.1694E-02  , -0.1751E-02  , -0.1991E-02  , -0.2377E-02  , -0.2290E-02  , -0.2281E-02  , -0.2310E-02  , -0.2307E-02  , -0.2308E-02  , -0.2316E-02  , -0.2362E-02  , -0.2313E-02  , -0.2267E-02  , -0.2269E-02  , -0.2338E-02  , -0.2206E-02  , -0.2808E-02  , -0.3569E-02  , -0.2903E-02  , -0.2832E-02  , -0.2708E-02  , -0.2601E-02  , -0.2528E-02  , -0.2517E-02  , -0.2487E-02  , -0.2488E-02  , -0.2943E-02  , -0.3639E-02  , -0.2955E-02  , -0.2631E-02  , -0.2340E-02  , -0.2442E-02  , -0.2643E-02  , -0.2086E-02  , -0.1748E-02  , -0.1504E-02  , -0.1341E-02  , -0.1227E-02  , -0.1224E-02  , -0.1254E-02  , -0.8825E-03  , -0.6773E-03  , -0.5483E-03  , -0.4481E-03  , -0.3941E-03  , -0.3176E-03  , -0.2662E-03  ,  0.6786E-01  , -0.7822E-01  ,  0.3437E-01  , -0.7920E-01  ,  0.8298E-01  , -0.9227E-02  , -0.2307E-01  , -0.6562E-03  , -0.2695E-02  , -0.1142E-01  , -0.1142E-01  ,
   0.1000E-02  ,  0.1000E-02  , -0.2578E-03  , -0.7590E-01  ,  0.7557E-01  ,  0.5595      ,  0.5193      ,  0.5202      ,  0.2639      ,  0.1645      ,  0.1259      ,  0.2259      ,   1.000      ,  0.5297      ,  0.2662      ,  0.4515      , -0.5869E-03  , -0.4248E-03  , -0.3311E-03  , -0.4151E-03  , -0.3348E-03  , -0.3039E-03  , -0.2477E-04  ,  0.4206E-04  , -0.8210E-04  , -0.1183E-04  ,  0.2002E-03  ,  0.6218E-03  ,  0.1194E-02  ,  0.7519E-03  ,  0.8041E-03  ,  0.1924E-02  ,  0.5538E-03  ,  0.3279E-03  ,  0.6226E-03  ,  0.5638E-03  ,  0.1107E-02  ,  0.2792E-03  ,  0.1650E-02  ,  0.4527E-03  ,  0.1796E-02  ,  0.2131E-02  ,  0.2046E-02  ,  0.1392E-02  ,  0.1595E-02  ,  0.1437E-02  ,  0.1195E-02  ,  0.1034E-02  ,  0.7858E-03  ,  0.1252E-02  ,  0.1402E-02  ,  0.2062E-02  ,  0.1991E-02  ,  0.2397E-02  ,  0.2271E-02  ,  0.2271E-02  ,  0.2576E-02  ,  0.2475E-02  ,  0.1856E-02  ,  0.1543E-02  ,  0.1216E-02  ,  0.1094E-02  ,  0.1242E-02  ,  0.1120E-02  ,  0.8327E-03  ,  0.5662E-03  ,  0.3962E-03  ,  0.1897E-03  ,  0.1416E-03  ,  0.7493E-04  , -0.1935      ,  0.3409      , -0.2471      ,  0.3010E-01  ,  0.1211      , -0.1293      ,  0.7401E-01  , -0.6880E-03  , -0.3272E-02  , -0.1386E-01  , -0.1386E-01  ,
   0.2000E-02  ,  0.2000E-02  , -0.2440E-03  ,  0.5807E-01  , -0.5833E-01  ,  0.4871      ,  0.2811      ,  0.5711      ,  0.2403      ,  0.1902      ,  0.1527      ,  0.3996      ,  0.5297      ,   1.000      ,  0.5479      ,  0.5656      , -0.1741E-02  , -0.1745E-02  , -0.1799E-02  , -0.1902E-02  , -0.1921E-02  , -0.2115E-02  , -0.2389E-02  , -0.2376E-02  , -0.2468E-02  , -0.2803E-02  , -0.3337E-02  , -0.3181E-02  , -0.3128E-02  , -0.3201E-02  , -0.3192E-02  , -0.3117E-02  , -0.3224E-02  , -0.3301E-02  , -0.3208E-02  , -0.3141E-02  , -0.3108E-02  , -0.3256E-02  , -0.2981E-02  , -0.3911E-02  , -0.4902E-02  , -0.3919E-02  , -0.3843E-02  , -0.3706E-02  , -0.3541E-02  , -0.3451E-02  , -0.3459E-02  , -0.3433E-02  , -0.3442E-02  , -0.4047E-02  , -0.5018E-02  , -0.4000E-02  , -0.3562E-02  , -0.3116E-02  , -0.3265E-02  , -0.3556E-02  , -0.2753E-02  , -0.2285E-02  , -0.1978E-02  , -0.1765E-02  , -0.1627E-02  , -0.1637E-02  , -0.1674E-02  , -0.1159E-02  , -0.8947E-03  , -0.7328E-03  , -0.6041E-03  , -0.5418E-03  , -0.4340E-03  , -0.3636E-03  , -0.2046E-01  ,  0.1802      , -0.2260      , -0.1469E-01  ,  0.1262      , -0.2674E-01  , -0.2618E-01  , -0.9311E-03  , -0.3957E-02  , -0.1713E-01  , -0.1713E-01  ,
   0.5000E-02  ,  0.5000E-02  , -0.1753E-03  ,  0.7353E-01  , -0.7369E-01  ,  0.6142      ,  0.2224      ,  0.5316      ,  0.1790      ,  0.5717      ,  0.3216      ,  0.4372      ,  0.2662      ,  0.5479      ,   1.000      ,  0.3958      , -0.1769E-02  , -0.1712E-02  , -0.1728E-02  , -0.1851E-02  , -0.1838E-02  , -0.1999E-02  , -0.2135E-02  , -0.2104E-02  , -0.2230E-02  , -0.2503E-02  , -0.2899E-02  , -0.2604E-02  , -0.2348E-02  , -0.2576E-02  , -0.2549E-02  , -0.2065E-02  , -0.2670E-02  , -0.2827E-02  , -0.2631E-02  , -0.2598E-02  , -0.2363E-02  , -0.2805E-02  , -0.2050E-02  , -0.3320E-02  , -0.3694E-02  , -0.2714E-02  , -0.2676E-02  , -0.2794E-02  , -0.2569E-02  , -0.2554E-02  , -0.2644E-02  , -0.2680E-02  , -0.2782E-02  , -0.3146E-02  , -0.3948E-02  , -0.2806E-02  , -0.2441E-02  , -0.1891E-02  , -0.2077E-02  , -0.2332E-02  , -0.1505E-02  , -0.1126E-02  , -0.1088E-02  , -0.1015E-02  , -0.1007E-02  , -0.1056E-02  , -0.1033E-02  , -0.6304E-03  , -0.5010E-03  , -0.4491E-03  , -0.3934E-03  , -0.4112E-03  , -0.3347E-03  , -0.3002E-03  ,  0.2021      , -0.2843      ,  0.2143E-01  , -0.7442E-01  ,  0.2209      , -0.9449E-01  , -0.1579E-02  , -0.1136E-02  , -0.4774E-02  , -0.2028E-01  , -0.2028E-01  ,
   0.8000E-02  ,  0.8000E-02  , -0.3224E-03  , -0.4715E-01  ,  0.4677E-01  ,  0.4077      ,  0.5463      ,  0.1821E-01  ,  0.3168      ,  0.2160      ,  0.1271      ,  0.2828      ,  0.4515      ,  0.5656      ,  0.3958      ,   1.000      , -0.7399E-03  , -0.6812E-03  , -0.6643E-03  , -0.7254E-03  , -0.7008E-03  , -0.7515E-03  , -0.7408E-03  , -0.7075E-03  , -0.7787E-03  , -0.8621E-03  , -0.9582E-03  , -0.7501E-03  , -0.5336E-03  , -0.7110E-03  , -0.6894E-03  , -0.2736E-03  , -0.7876E-03  , -0.8910E-03  , -0.7560E-03  , -0.7536E-03  , -0.5550E-03  , -0.8893E-03  , -0.3244E-03  , -0.1043E-02  , -0.8931E-03  , -0.4406E-03  , -0.4534E-03  , -0.6357E-03  , -0.5103E-03  , -0.5399E-03  , -0.6275E-03  , -0.6796E-03  , -0.7689E-03  , -0.8005E-03  , -0.1060E-02  , -0.4841E-03  , -0.3766E-03  , -0.9177E-04  , -0.1906E-03  , -0.2901E-03  ,  0.8090E-04  ,  0.1882E-03  ,  0.6364E-04  ,  0.1776E-04  , -0.5571E-04  , -0.1050E-03  , -0.6862E-04  ,  0.5406E-04  ,  0.3131E-04  , -0.1206E-04  , -0.3109E-04  , -0.9024E-04  , -0.7982E-04  , -0.8617E-04  , -0.3021      ,  0.2837      ,  0.2734      , -0.5567E-01  , -0.3724      ,  0.1879      , -0.1573E-01  , -0.4936E-03  , -0.2279E-02  , -0.1036E-01  , -0.1036E-01  ,
   0.1250E-01  ,  0.1250E-01  , -0.7337E-03  , -0.1715E-04  , -0.7447E-03  , -0.1847E-02  , -0.4703E-03  , -0.9107E-03  , -0.1578E-02  , -0.1091E-02  , -0.1059E-02  , -0.1210E-02  , -0.5869E-03  , -0.1741E-02  , -0.1769E-02  , -0.7399E-03  ,   1.000      ,  0.6412E-01  ,  0.6256E-01  ,  0.6128E-01  ,  0.6045E-01  ,  0.5916E-01  ,  0.5754E-01  ,  0.5752E-01  ,  0.5746E-01  ,  0.5642E-01  ,  0.5358E-01  ,  0.5250E-01  ,  0.4711E-01  ,  0.4769E-01  ,  0.4304E-01  ,  0.3401E-01  ,  0.3851E-01  ,  0.4165E-01  ,  0.3686E-01  ,  0.3593E-01  ,  0.3120E-01  ,  0.2853E-01  ,  0.2264E-01  ,  0.2359E-01  ,  0.1171E-01  , -0.2977E-03  , -0.5614E-02  , -0.8034E-02  , -0.9194E-02  , -0.1137E-01  , -0.1414E-01  , -0.1780E-01  , -0.1992E-01  , -0.2452E-01  , -0.3350E-01  , -0.4005E-01  , -0.4336E-01  , -0.4276E-01  , -0.4651E-01  , -0.5118E-01  , -0.5046E-01  , -0.5199E-01  , -0.5101E-01  , -0.4991E-01  , -0.4746E-01  , -0.4617E-01  , -0.4164E-01  , -0.3845E-01  , -0.3299E-01  , -0.2724E-01  , -0.2152E-01  , -0.1705E-01  , -0.1130E-01  , -0.6769E-02  , -0.3700E-02  , -0.2378E-02  , -0.3355E-02  , -0.2989E-02  , -0.2832E-02  , -0.3727E-02  , -0.3048E-02  , -0.3303E-02  , -0.1427E-01  , -0.6176E-01  , -0.6176E-01  ,
   0.3500E-01  ,  0.3500E-01  , -0.6562E-03  ,  0.9901E-04  , -0.7714E-03  , -0.1835E-02  , -0.3018E-03  , -0.7778E-03  , -0.1675E-02  , -0.1044E-02  , -0.1068E-02  , -0.1221E-02  , -0.4248E-03  , -0.1745E-02  , -0.1712E-02  , -0.6812E-03  ,  0.6412E-01  ,   1.000      ,  0.6154E-01  ,  0.6013E-01  ,  0.5959E-01  ,  0.5818E-01  ,  0.5633E-01  ,  0.5658E-01  ,  0.5662E-01  ,  0.5550E-01  ,  0.5265E-01  ,  0.5161E-01  ,  0.4599E-01  ,  0.4681E-01  ,  0.4227E-01  ,  0.3307E-01  ,  0.3774E-01  ,  0.4078E-01  ,  0.3591E-01  ,  0.3510E-01  ,  0.3052E-01  ,  0.2782E-01  ,  0.2207E-01  ,  0.2289E-01  ,  0.1113E-01  , -0.7500E-03  , -0.6146E-02  , -0.8461E-02  , -0.9601E-02  , -0.1173E-01  , -0.1444E-01  , -0.1814E-01  , -0.2021E-01  , -0.2474E-01  , -0.3371E-01  , -0.4014E-01  , -0.4341E-01  , -0.4277E-01  , -0.4651E-01  , -0.5107E-01  , -0.5038E-01  , -0.5190E-01  , -0.5091E-01  , -0.4982E-01  , -0.4736E-01  , -0.4613E-01  , -0.4169E-01  , -0.3855E-01  , -0.3315E-01  , -0.2746E-01  , -0.2180E-01  , -0.1742E-01  , -0.1175E-01  , -0.7262E-02  , -0.3676E-02  , -0.2094E-02  , -0.3261E-02  , -0.2827E-02  , -0.2631E-02  , -0.3709E-02  , -0.2893E-02  , -0.2970E-02  , -0.1284E-01  , -0.5556E-01  , -0.5556E-01  ,
   0.5500E-01  ,  0.5500E-01  , -0.6220E-03  ,  0.1787E-03  , -0.8122E-03  , -0.1885E-02  , -0.2008E-03  , -0.7138E-03  , -0.1788E-02  , -0.1046E-02  , -0.1107E-02  , -0.1264E-02  , -0.3311E-03  , -0.1799E-02  , -0.1728E-02  , -0.6643E-03  ,  0.6256E-01  ,  0.6154E-01  ,   1.000      ,  0.5987E-01  ,  0.5886E-01  ,  0.5783E-01  ,  0.5483E-01  ,  0.5618E-01  ,  0.5663E-01  ,  0.5507E-01  ,  0.5230E-01  ,  0.5135E-01  ,  0.4473E-01  ,  0.4655E-01  ,  0.4195E-01  ,  0.3185E-01  ,  0.3743E-01  ,  0.4039E-01  ,  0.3495E-01  ,  0.3455E-01  ,  0.3014E-01  ,  0.2736E-01  ,  0.2165E-01  ,  0.2244E-01  ,  0.1062E-01  , -0.1172E-02  , -0.6946E-02  , -0.8879E-02  , -0.9955E-02  , -0.1208E-01  , -0.1475E-01  , -0.1869E-01  , -0.2051E-01  , -0.2503E-01  , -0.3418E-01  , -0.4037E-01  , -0.4352E-01  , -0.4280E-01  , -0.4665E-01  , -0.5104E-01  , -0.5034E-01  , -0.5185E-01  , -0.5078E-01  , -0.4979E-01  , -0.4725E-01  , -0.4616E-01  , -0.4180E-01  , -0.3872E-01  , -0.3340E-01  , -0.2777E-01  , -0.2219E-01  , -0.1790E-01  , -0.1229E-01  , -0.7847E-02  , -0.3771E-02  , -0.1970E-02  , -0.3299E-02  , -0.2804E-02  , -0.2578E-02  , -0.3809E-02  , -0.2879E-02  , -0.2834E-02  , -0.1225E-01  , -0.5302E-01  , -0.5302E-01  ,
   0.7500E-01  ,  0.7500E-01  , -0.6083E-03  ,  0.1871E-03  , -0.8032E-03  , -0.1997E-02  , -0.2804E-03  , -0.8074E-03  , -0.1854E-02  , -0.1126E-02  , -0.1166E-02  , -0.1334E-02  , -0.4151E-03  , -0.1902E-02  , -0.1851E-02  , -0.7254E-03  ,  0.6128E-01  ,  0.6013E-01  ,  0.5987E-01  ,   1.000      ,  0.6434E-01  ,  0.6010E-01  ,  0.5894E-01  ,  0.6172E-01  ,  0.6322E-01  ,  0.5952E-01  ,  0.5630E-01  ,  0.5556E-01  ,  0.4711E-01  ,  0.4925E-01  ,  0.4294E-01  ,  0.3001E-01  ,  0.3904E-01  ,  0.4268E-01  ,  0.3677E-01  ,  0.3742E-01  ,  0.3225E-01  ,  0.3001E-01  ,  0.2233E-01  ,  0.2497E-01  ,  0.1050E-01  , -0.6305E-03  , -0.7402E-02  , -0.9518E-02  , -0.1009E-01  , -0.1246E-01  , -0.1521E-01  , -0.1919E-01  , -0.2065E-01  , -0.2619E-01  , -0.3782E-01  , -0.4615E-01  , -0.5049E-01  , -0.4561E-01  , -0.4862E-01  , -0.5391E-01  , -0.5212E-01  , -0.5402E-01  , -0.5185E-01  , -0.5039E-01  , -0.4701E-01  , -0.4534E-01  , -0.4050E-01  , -0.3676E-01  , -0.3106E-01  , -0.2562E-01  , -0.2025E-01  , -0.1608E-01  , -0.1080E-01  , -0.6503E-02  , -0.3973E-02  , -0.2174E-02  , -0.3502E-02  , -0.3006E-02  , -0.2781E-02  , -0.4010E-02  , -0.3082E-02  , -0.2809E-02  , -0.1214E-01  , -0.5256E-01  , -0.5256E-01  ,
   0.9500E-01  ,  0.9500E-01  , -0.5762E-03  ,  0.2456E-03  , -0.8273E-03  , -0.2009E-02  , -0.1947E-03  , -0.7465E-03  , -0.1920E-02  , -0.1111E-02  , -0.1181E-02  , -0.1352E-02  , -0.3348E-03  , -0.1921E-02  , -0.1838E-02  , -0.7008E-03  ,  0.6045E-01  ,  0.5959E-01  ,  0.5886E-01  ,  0.6434E-01  ,   1.000      ,  0.6647E-01  ,  0.6068E-01  ,  0.6244E-01  ,  0.6353E-01  ,  0.5885E-01  ,  0.5536E-01  ,  0.5510E-01  ,  0.4618E-01  ,  0.4759E-01  ,  0.4148E-01  ,  0.2866E-01  ,  0.3802E-01  ,  0.4140E-01  ,  0.3602E-01  ,  0.3632E-01  ,  0.3173E-01  ,  0.2918E-01  ,  0.2149E-01  ,  0.2309E-01  ,  0.9464E-02  , -0.2639E-02  , -0.8607E-02  , -0.1067E-01  , -0.1045E-01  , -0.1272E-01  , -0.1579E-01  , -0.1973E-01  , -0.2104E-01  , -0.2711E-01  , -0.4014E-01  , -0.4959E-01  , -0.5173E-01  , -0.4465E-01  , -0.4718E-01  , -0.5194E-01  , -0.4999E-01  , -0.5217E-01  , -0.4934E-01  , -0.4825E-01  , -0.4511E-01  , -0.4376E-01  , -0.3908E-01  , -0.3531E-01  , -0.3005E-01  , -0.2410E-01  , -0.1913E-01  , -0.1468E-01  , -0.9388E-02  , -0.5007E-02  , -0.3997E-02  , -0.2047E-02  , -0.3484E-02  , -0.2949E-02  , -0.2702E-02  , -0.4038E-02  , -0.3029E-02  , -0.2683E-02  , -0.1158E-01  , -0.5011E-01  , -0.5011E-01  ,
   0.1150      ,  0.1150      , -0.6613E-03  ,  0.2800E-03  , -0.9591E-03  , -0.2210E-02  , -0.1469E-03  , -0.7685E-03  , -0.2151E-02  , -0.1202E-02  , -0.1305E-02  , -0.1490E-02  , -0.3039E-03  , -0.2115E-02  , -0.1999E-02  , -0.7515E-03  ,  0.5916E-01  ,  0.5818E-01  ,  0.5783E-01  ,  0.6010E-01  ,  0.6647E-01  ,   1.000      ,  0.5971E-01  ,  0.6208E-01  ,  0.6387E-01  ,  0.6045E-01  ,  0.5653E-01  ,  0.5588E-01  ,  0.4611E-01  ,  0.4928E-01  ,  0.4296E-01  ,  0.2856E-01  ,  0.3876E-01  ,  0.4229E-01  ,  0.3540E-01  ,  0.3622E-01  ,  0.3180E-01  ,  0.2877E-01  ,  0.2084E-01  ,  0.2369E-01  ,  0.8931E-02  , -0.2580E-02  , -0.9374E-02  , -0.1075E-01  , -0.1147E-01  , -0.1373E-01  , -0.1619E-01  , -0.2108E-01  , -0.2203E-01  , -0.2730E-01  , -0.3988E-01  , -0.4874E-01  , -0.5188E-01  , -0.4625E-01  , -0.4901E-01  , -0.5345E-01  , -0.5148E-01  , -0.5303E-01  , -0.5084E-01  , -0.4969E-01  , -0.4640E-01  , -0.4537E-01  , -0.4050E-01  , -0.3761E-01  , -0.3193E-01  , -0.2585E-01  , -0.2059E-01  , -0.1648E-01  , -0.1133E-01  , -0.7347E-02  , -0.4410E-02  , -0.2158E-02  , -0.3819E-02  , -0.3201E-02  , -0.2917E-02  , -0.4457E-02  , -0.3294E-02  , -0.3064E-02  , -0.1324E-01  , -0.5730E-01  , -0.5730E-01  ,
   0.1375      ,  0.1375      , -0.8050E-03  ,  0.4131E-03  , -0.1263E-02  , -0.2473E-02  ,  0.1677E-03  , -0.6076E-03  , -0.2610E-02  , -0.1256E-02  , -0.1488E-02  , -0.1697E-02  , -0.2477E-04  , -0.2389E-02  , -0.2135E-02  , -0.7408E-03  ,  0.5754E-01  ,  0.5633E-01  ,  0.5483E-01  ,  0.5894E-01  ,  0.6068E-01  ,  0.5971E-01  ,   1.000      ,  0.6501E-01  ,  0.6383E-01  ,  0.6026E-01  ,  0.5657E-01  ,  0.5501E-01  ,  0.4769E-01  ,  0.4818E-01  ,  0.3951E-01  ,  0.2746E-01  ,  0.3623E-01  ,  0.3912E-01  ,  0.3607E-01  ,  0.3537E-01  ,  0.3020E-01  ,  0.2753E-01  ,  0.1962E-01  ,  0.2209E-01  ,  0.6948E-02  , -0.6180E-02  , -0.1123E-01  , -0.1448E-01  , -0.1403E-01  , -0.1525E-01  , -0.1795E-01  , -0.2113E-01  , -0.2249E-01  , -0.2818E-01  , -0.4477E-01  , -0.5832E-01  , -0.6120E-01  , -0.4785E-01  , -0.4823E-01  , -0.5412E-01  , -0.5174E-01  , -0.5293E-01  , -0.4988E-01  , -0.4686E-01  , -0.4437E-01  , -0.4155E-01  , -0.3680E-01  , -0.3329E-01  , -0.2772E-01  , -0.2218E-01  , -0.1667E-01  , -0.1262E-01  , -0.7413E-02  , -0.3472E-02  , -0.4984E-02  , -0.1937E-02  , -0.4183E-02  , -0.3349E-02  , -0.2961E-02  , -0.5051E-02  , -0.3471E-02  , -0.3684E-02  , -0.1592E-01  , -0.6893E-01  , -0.6893E-01  ,
   0.1650      ,  0.1650      , -0.6103E-03  ,  0.5520E-03  , -0.1171E-02  , -0.2452E-02  ,  0.2339E-03  , -0.5484E-03  , -0.2634E-02  , -0.1234E-02  , -0.1482E-02  , -0.1694E-02  ,  0.4206E-04  , -0.2376E-02  , -0.2104E-02  , -0.7075E-03  ,  0.5752E-01  ,  0.5658E-01  ,  0.5618E-01  ,  0.6172E-01  ,  0.6244E-01  ,  0.6208E-01  ,  0.6501E-01  ,   1.000      ,  0.8375E-01  ,  0.6518E-01  ,  0.6008E-01  ,  0.5991E-01  ,  0.4876E-01  ,  0.5256E-01  ,  0.4226E-01  ,  0.2501E-01  ,  0.3957E-01  ,  0.4197E-01  ,  0.3549E-01  ,  0.3700E-01  ,  0.3246E-01  ,  0.3050E-01  ,  0.1988E-01  ,  0.2349E-01  ,  0.6894E-02  , -0.5878E-02  , -0.1317E-01  , -0.1469E-01  , -0.1441E-01  , -0.1627E-01  , -0.1915E-01  , -0.2377E-01  , -0.2464E-01  , -0.3121E-01  , -0.4672E-01  , -0.5762E-01  , -0.6041E-01  , -0.4918E-01  , -0.5108E-01  , -0.5582E-01  , -0.5369E-01  , -0.5514E-01  , -0.5227E-01  , -0.4949E-01  , -0.4677E-01  , -0.4537E-01  , -0.4113E-01  , -0.3782E-01  , -0.3168E-01  , -0.2630E-01  , -0.1987E-01  , -0.1580E-01  , -0.1068E-01  , -0.6228E-02  , -0.4897E-02  , -0.1763E-02  , -0.4072E-02  , -0.3216E-02  , -0.2809E-02  , -0.4966E-02  , -0.3339E-02  , -0.2875E-02  , -0.1243E-01  , -0.5380E-01  , -0.5380E-01  ,
   0.1950      ,  0.1950      , -0.6161E-03  ,  0.5280E-03  , -0.1151E-02  , -0.2552E-02  ,  0.1147E-03  , -0.6721E-03  , -0.2661E-02  , -0.1318E-02  , -0.1532E-02  , -0.1751E-02  , -0.8210E-04  , -0.2468E-02  , -0.2230E-02  , -0.7787E-03  ,  0.5746E-01  ,  0.5662E-01  ,  0.5663E-01  ,  0.6322E-01  ,  0.6353E-01  ,  0.6387E-01  ,  0.6383E-01  ,  0.8375E-01  ,   1.000      ,  0.8334E-01  ,  0.6343E-01  ,  0.6475E-01  ,  0.5049E-01  ,  0.5522E-01  ,  0.4528E-01  ,  0.2744E-01  ,  0.4126E-01  ,  0.4404E-01  ,  0.3590E-01  ,  0.3811E-01  ,  0.3299E-01  ,  0.3114E-01  ,  0.1979E-01  ,  0.2395E-01  ,  0.6413E-02  , -0.4975E-02  , -0.1527E-01  , -0.1470E-01  , -0.1542E-01  , -0.1803E-01  , -0.2098E-01  , -0.2556E-01  , -0.2671E-01  , -0.3320E-01  , -0.4750E-01  , -0.5827E-01  , -0.5994E-01  , -0.5075E-01  , -0.5307E-01  , -0.5731E-01  , -0.5533E-01  , -0.5682E-01  , -0.5320E-01  , -0.5110E-01  , -0.4746E-01  , -0.4597E-01  , -0.4081E-01  , -0.3780E-01  , -0.3199E-01  , -0.2541E-01  , -0.1987E-01  , -0.1507E-01  , -0.1018E-01  , -0.5965E-02  , -0.5083E-02  , -0.2028E-02  , -0.4277E-02  , -0.3445E-02  , -0.3048E-02  , -0.5150E-02  , -0.3563E-02  , -0.2930E-02  , -0.1266E-01  , -0.5482E-01  , -0.5482E-01  ,
   0.2250      ,  0.2250      , -0.8075E-03  ,  0.5691E-03  , -0.1409E-02  , -0.2901E-02  ,  0.2137E-03  , -0.6971E-03  , -0.3069E-02  , -0.1473E-02  , -0.1747E-02  , -0.1991E-02  , -0.1183E-04  , -0.2803E-02  , -0.2503E-02  , -0.8621E-03  ,  0.5642E-01  ,  0.5550E-01  ,  0.5507E-01  ,  0.5952E-01  ,  0.5885E-01  ,  0.6045E-01  ,  0.6026E-01  ,  0.6518E-01  ,  0.8334E-01  ,   1.000      ,  0.8534E-01  ,  0.7971E-01  ,  0.6067E-01  ,  0.6210E-01  ,  0.5046E-01  ,  0.3262E-01  ,  0.4251E-01  ,  0.4538E-01  ,  0.3637E-01  ,  0.3819E-01  ,  0.3197E-01  ,  0.2867E-01  ,  0.1878E-01  ,  0.2046E-01  ,  0.3411E-02  , -0.6932E-02  , -0.1602E-01  , -0.1692E-01  , -0.1810E-01  , -0.1949E-01  , -0.2249E-01  , -0.2692E-01  , -0.2749E-01  , -0.3412E-01  , -0.4963E-01  , -0.5912E-01  , -0.6179E-01  , -0.5208E-01  , -0.5572E-01  , -0.5998E-01  , -0.5792E-01  , -0.5920E-01  , -0.5748E-01  , -0.5643E-01  , -0.5291E-01  , -0.5198E-01  , -0.4705E-01  , -0.4361E-01  , -0.3776E-01  , -0.3121E-01  , -0.2565E-01  , -0.2124E-01  , -0.1550E-01  , -0.1100E-01  , -0.5808E-02  , -0.2208E-02  , -0.4862E-02  , -0.3876E-02  , -0.3413E-02  , -0.5887E-02  , -0.4021E-02  , -0.3770E-02  , -0.1628E-01  , -0.7049E-01  , -0.7049E-01  ,
   0.2600      ,  0.2600      , -0.1081E-02  ,  0.6897E-03  , -0.1850E-02  , -0.3447E-02  ,  0.4780E-03  , -0.6559E-03  , -0.3774E-02  , -0.1685E-02  , -0.2091E-02  , -0.2377E-02  ,  0.2002E-03  , -0.3337E-02  , -0.2899E-02  , -0.9582E-03  ,  0.5358E-01  ,  0.5265E-01  ,  0.5230E-01  ,  0.5630E-01  ,  0.5536E-01  ,  0.5653E-01  ,  0.5657E-01  ,  0.6008E-01  ,  0.6343E-01  ,  0.8534E-01  ,   1.000      ,  0.9135E-01  ,  0.6086E-01  ,  0.6347E-01  ,  0.5037E-01  ,  0.3012E-01  ,  0.4208E-01  ,  0.4484E-01  ,  0.3689E-01  ,  0.3622E-01  ,  0.3126E-01  ,  0.2807E-01  ,  0.1649E-01  ,  0.1960E-01  ,  0.1168E-02  , -0.8973E-02  , -0.1835E-01  , -0.1926E-01  , -0.2023E-01  , -0.2217E-01  , -0.2522E-01  , -0.2859E-01  , -0.2970E-01  , -0.3618E-01  , -0.5221E-01  , -0.6253E-01  , -0.6479E-01  , -0.5341E-01  , -0.5608E-01  , -0.6117E-01  , -0.6022E-01  , -0.6008E-01  , -0.5962E-01  , -0.5753E-01  , -0.5385E-01  , -0.5374E-01  , -0.4699E-01  , -0.4409E-01  , -0.3747E-01  , -0.3097E-01  , -0.2552E-01  , -0.2168E-01  , -0.1596E-01  , -0.1083E-01  , -0.6944E-02  , -0.2317E-02  , -0.5732E-02  , -0.4460E-02  , -0.3873E-02  , -0.7046E-02  , -0.4650E-02  , -0.4983E-02  , -0.2153E-01  , -0.9320E-01  , -0.9320E-01  ,
   0.3050      ,  0.3050      , -0.6887E-03  ,  0.1046E-02  , -0.1746E-02  , -0.3235E-02  ,  0.9046E-03  , -0.2678E-03  , -0.3840E-02  , -0.1477E-02  , -0.2007E-02  , -0.2290E-02  ,  0.6218E-03  , -0.3181E-02  , -0.2604E-02  , -0.7501E-03  ,  0.5250E-01  ,  0.5161E-01  ,  0.5135E-01  ,  0.5556E-01  ,  0.5510E-01  ,  0.5588E-01  ,  0.5501E-01  ,  0.5991E-01  ,  0.6475E-01  ,  0.7971E-01  ,  0.9135E-01  ,   1.000      ,  0.6470E-01  ,  0.6877E-01  ,  0.5186E-01  ,  0.3301E-01  ,  0.4200E-01  ,  0.4641E-01  ,  0.3559E-01  ,  0.3769E-01  ,  0.2927E-01  ,  0.2780E-01  ,  0.1844E-01  ,  0.1941E-01  ,  0.2846E-04  , -0.1034E-01  , -0.1864E-01  , -0.2032E-01  , -0.2045E-01  , -0.2302E-01  , -0.2634E-01  , -0.3079E-01  , -0.3163E-01  , -0.3629E-01  , -0.5172E-01  , -0.6308E-01  , -0.6574E-01  , -0.5474E-01  , -0.5819E-01  , -0.6329E-01  , -0.6267E-01  , -0.6382E-01  , -0.6181E-01  , -0.5984E-01  , -0.5663E-01  , -0.5556E-01  , -0.4900E-01  , -0.4577E-01  , -0.4127E-01  , -0.3476E-01  , -0.2858E-01  , -0.2364E-01  , -0.1767E-01  , -0.1364E-01  , -0.6487E-02  , -0.1404E-02  , -0.5147E-02  , -0.3764E-02  , -0.3091E-02  , -0.6604E-02  , -0.3956E-02  , -0.3297E-02  , -0.1424E-01  , -0.6166E-01  , -0.6166E-01  ,
   0.3550      ,  0.3550      , -0.6012E-03  ,  0.1319E-02  , -0.1931E-02  , -0.3141E-02  ,  0.1492E-02  ,  0.2149E-03  , -0.4110E-02  , -0.1278E-02  , -0.2001E-02  , -0.2281E-02  ,  0.1194E-02  , -0.3128E-02  , -0.2348E-02  , -0.5336E-03  ,  0.4711E-01  ,  0.4599E-01  ,  0.4473E-01  ,  0.4711E-01  ,  0.4618E-01  ,  0.4611E-01  ,  0.4769E-01  ,  0.4876E-01  ,  0.5049E-01  ,  0.6067E-01  ,  0.6086E-01  ,  0.6470E-01  ,   1.000      ,  0.6263E-01  ,  0.4973E-01  ,  0.3303E-01  ,  0.4092E-01  ,  0.4236E-01  ,  0.3686E-01  ,  0.3463E-01  ,  0.2872E-01  ,  0.2484E-01  ,  0.1505E-01  ,  0.1457E-01  , -0.1887E-02  , -0.1440E-01  , -0.1983E-01  , -0.2231E-01  , -0.2259E-01  , -0.2396E-01  , -0.2552E-01  , -0.2872E-01  , -0.3099E-01  , -0.3648E-01  , -0.5268E-01  , -0.6573E-01  , -0.6763E-01  , -0.5260E-01  , -0.5422E-01  , -0.5863E-01  , -0.5624E-01  , -0.5960E-01  , -0.5809E-01  , -0.5463E-01  , -0.5373E-01  , -0.5044E-01  , -0.4532E-01  , -0.4246E-01  , -0.3749E-01  , -0.3131E-01  , -0.2487E-01  , -0.2165E-01  , -0.1632E-01  , -0.1293E-01  , -0.6341E-02  , -0.4200E-03  , -0.4780E-02  , -0.3168E-02  , -0.2379E-02  , -0.6475E-02  , -0.3390E-02  , -0.2884E-02  , -0.1248E-01  , -0.5403E-01  , -0.5403E-01  ,
   0.4050      ,  0.4050      , -0.6165E-03  ,  0.1148E-02  , -0.1771E-02  , -0.3248E-02  ,  0.1041E-02  , -0.1653E-03  , -0.3936E-02  , -0.1450E-02  , -0.2026E-02  , -0.2310E-02  ,  0.7519E-03  , -0.3201E-02  , -0.2576E-02  , -0.7110E-03  ,  0.4769E-01  ,  0.4681E-01  ,  0.4655E-01  ,  0.4925E-01  ,  0.4759E-01  ,  0.4928E-01  ,  0.4818E-01  ,  0.5256E-01  ,  0.5522E-01  ,  0.6210E-01  ,  0.6347E-01  ,  0.6877E-01  ,  0.6263E-01  ,   1.000      ,  0.6948E-01  ,  0.3448E-01  ,  0.4541E-01  ,  0.5089E-01  ,  0.3946E-01  ,  0.3868E-01  ,  0.3348E-01  ,  0.2597E-01  ,  0.1779E-01  ,  0.1853E-01  , -0.1689E-02  , -0.1279E-01  , -0.2029E-01  , -0.2022E-01  , -0.2150E-01  , -0.2378E-01  , -0.2547E-01  , -0.3137E-01  , -0.3098E-01  , -0.3650E-01  , -0.5197E-01  , -0.6123E-01  , -0.6353E-01  , -0.5419E-01  , -0.5725E-01  , -0.6242E-01  , -0.5948E-01  , -0.6056E-01  , -0.5861E-01  , -0.5864E-01  , -0.5562E-01  , -0.5224E-01  , -0.4969E-01  , -0.4678E-01  , -0.4122E-01  , -0.3554E-01  , -0.3011E-01  , -0.2510E-01  , -0.2032E-01  , -0.1525E-01  , -0.6505E-02  , -0.1190E-02  , -0.5105E-02  , -0.3657E-02  , -0.2952E-02  , -0.6627E-02  , -0.3858E-02  , -0.3004E-02  , -0.1299E-01  , -0.5625E-01  , -0.5625E-01  ,
   0.4550      ,  0.4550      , -0.5717E-03  ,  0.1190E-02  , -0.1767E-02  , -0.3234E-02  ,  0.1094E-02  , -0.1207E-03  , -0.3956E-02  , -0.1429E-02  , -0.2022E-02  , -0.2307E-02  ,  0.8041E-03  , -0.3192E-02  , -0.2549E-02  , -0.6894E-03  ,  0.4304E-01  ,  0.4227E-01  ,  0.4195E-01  ,  0.4294E-01  ,  0.4148E-01  ,  0.4296E-01  ,  0.3951E-01  ,  0.4226E-01  ,  0.4528E-01  ,  0.5046E-01  ,  0.5037E-01  ,  0.5186E-01  ,  0.4973E-01  ,  0.6948E-01  ,   1.000      ,  0.3239E-01  ,  0.5098E-01  ,  0.5219E-01  ,  0.4016E-01  ,  0.3924E-01  ,  0.3454E-01  ,  0.3301E-01  ,  0.1841E-01  ,  0.2344E-01  , -0.3858E-03  , -0.9528E-02  , -0.1953E-01  , -0.1993E-01  , -0.2207E-01  , -0.2276E-01  , -0.2550E-01  , -0.2800E-01  , -0.3032E-01  , -0.3631E-01  , -0.4926E-01  , -0.5670E-01  , -0.5844E-01  , -0.5177E-01  , -0.5479E-01  , -0.5987E-01  , -0.5703E-01  , -0.5953E-01  , -0.5811E-01  , -0.5642E-01  , -0.5356E-01  , -0.5156E-01  , -0.4978E-01  , -0.4702E-01  , -0.4018E-01  , -0.3524E-01  , -0.3032E-01  , -0.2663E-01  , -0.2128E-01  , -0.1581E-01  , -0.6472E-02  , -0.1087E-02  , -0.5053E-02  , -0.3586E-02  , -0.2871E-02  , -0.6595E-02  , -0.3789E-02  , -0.2826E-02  , -0.1221E-01  , -0.5286E-01  , -0.5286E-01  ,
   0.5050      ,  0.5050      , -0.4476E-03  ,  0.1709E-02  , -0.2166E-02  , -0.3072E-02  ,  0.2252E-02  ,  0.8187E-03  , -0.4513E-02  , -0.1047E-02  , -0.2026E-02  , -0.2308E-02  ,  0.1924E-02  , -0.3117E-02  , -0.2065E-02  , -0.2736E-03  ,  0.3401E-01  ,  0.3307E-01  ,  0.3185E-01  ,  0.3001E-01  ,  0.2866E-01  ,  0.2856E-01  ,  0.2746E-01  ,  0.2501E-01  ,  0.2744E-01  ,  0.3262E-01  ,  0.3012E-01  ,  0.3301E-01  ,  0.3303E-01  ,  0.3448E-01  ,  0.3239E-01  ,   1.000      ,  0.2560E-01  ,  0.2561E-01  ,  0.2121E-01  ,  0.1949E-01  ,  0.1651E-01  ,  0.1251E-01  ,  0.1041E-01  ,  0.6144E-02  , -0.5688E-02  , -0.1264E-01  , -0.1879E-01  , -0.1930E-01  , -0.2101E-01  , -0.2245E-01  , -0.2325E-01  , -0.2430E-01  , -0.2682E-01  , -0.3142E-01  , -0.4136E-01  , -0.5000E-01  , -0.5142E-01  , -0.4509E-01  , -0.4618E-01  , -0.4976E-01  , -0.4875E-01  , -0.4928E-01  , -0.4887E-01  , -0.4697E-01  , -0.4492E-01  , -0.4525E-01  , -0.4008E-01  , -0.3802E-01  , -0.3334E-01  , -0.2940E-01  , -0.2492E-01  , -0.2177E-01  , -0.1773E-01  , -0.1426E-01  , -0.6240E-02  ,  0.8183E-03  , -0.4378E-02  , -0.2459E-02  , -0.1510E-02  , -0.6403E-02  , -0.2719E-02  , -0.2215E-02  , -0.9577E-02  , -0.4146E-01  , -0.4146E-01  ,
   0.5550      ,  0.5550      , -0.5154E-03  ,  0.1119E-02  , -0.1643E-02  , -0.3284E-02  ,  0.8380E-03  , -0.3340E-03  , -0.3844E-02  , -0.1521E-02  , -0.2029E-02  , -0.2316E-02  ,  0.5538E-03  , -0.3224E-02  , -0.2670E-02  , -0.7876E-03  ,  0.3851E-01  ,  0.3774E-01  ,  0.3743E-01  ,  0.3904E-01  ,  0.3802E-01  ,  0.3876E-01  ,  0.3623E-01  ,  0.3957E-01  ,  0.4126E-01  ,  0.4251E-01  ,  0.4208E-01  ,  0.4200E-01  ,  0.4092E-01  ,  0.4541E-01  ,  0.5098E-01  ,  0.2560E-01  ,   1.000      ,  0.1238      ,  0.5257E-01  ,  0.2710E-01  ,  0.3128E-01  ,  0.2983E-01  ,  0.1471E-01  ,  0.2130E-01  , -0.3531E-02  , -0.1125E-01  , -0.1993E-01  , -0.2135E-01  , -0.2246E-01  , -0.2440E-01  , -0.2671E-01  , -0.2901E-01  , -0.3132E-01  , -0.3674E-01  , -0.4685E-01  , -0.5430E-01  , -0.5662E-01  , -0.5086E-01  , -0.5263E-01  , -0.5588E-01  , -0.5393E-01  , -0.5446E-01  , -0.5306E-01  , -0.5100E-01  , -0.4690E-01  , -0.4641E-01  , -0.4191E-01  , -0.3850E-01  , -0.3182E-01  , -0.2709E-01  , -0.2221E-01  , -0.1688E-01  , -0.1280E-01  , -0.8221E-02  , -0.6527E-02  , -0.1497E-02  , -0.5201E-02  , -0.3832E-02  , -0.3167E-02  , -0.6643E-02  , -0.4022E-02  , -0.2651E-02  , -0.1146E-01  , -0.4960E-01  , -0.4960E-01  ,
   0.6050      ,  0.6050      , -0.5586E-03  ,  0.1028E-02  , -0.1590E-02  , -0.3385E-02  ,  0.6055E-03  , -0.5385E-03  , -0.3802E-02  , -0.1635E-02  , -0.2068E-02  , -0.2362E-02  ,  0.3279E-03  , -0.3301E-02  , -0.2827E-02  , -0.8910E-03  ,  0.4165E-01  ,  0.4078E-01  ,  0.4039E-01  ,  0.4268E-01  ,  0.4140E-01  ,  0.4229E-01  ,  0.3912E-01  ,  0.4197E-01  ,  0.4404E-01  ,  0.4538E-01  ,  0.4484E-01  ,  0.4641E-01  ,  0.4236E-01  ,  0.5089E-01  ,  0.5219E-01  ,  0.2561E-01  ,  0.1238      ,   1.000      ,  0.1224      ,  0.7544E-01  ,  0.3888E-01  ,  0.1066E-01  ,  0.1736E-01  ,  0.3028E-01  ,  0.7573E-03  , -0.1276E-01  , -0.2431E-01  , -0.2274E-01  , -0.2464E-01  , -0.2645E-01  , -0.2939E-01  , -0.3136E-01  , -0.3380E-01  , -0.3958E-01  , -0.5089E-01  , -0.5883E-01  , -0.6068E-01  , -0.5630E-01  , -0.5949E-01  , -0.6437E-01  , -0.6096E-01  , -0.6099E-01  , -0.5917E-01  , -0.5721E-01  , -0.5311E-01  , -0.5232E-01  , -0.4681E-01  , -0.4241E-01  , -0.3804E-01  , -0.3280E-01  , -0.2708E-01  , -0.2383E-01  , -0.1789E-01  , -0.1322E-01  , -0.6706E-02  , -0.1933E-02  , -0.5452E-02  , -0.4145E-02  , -0.3520E-02  , -0.6813E-02  , -0.4331E-02  , -0.2851E-02  , -0.1232E-01  , -0.5334E-01  , -0.5334E-01  ,
