   0.1000E-03,   0.1000E-03  ,    1.000      ,   0.5521E-03  ,   0.8865E-03  ,   0.6450E-03  ,  -0.1013E-02  ,  -0.1947E-02  ,  -0.2962E-02  ,  -0.2268E-02  ,  -0.3843E-02  ,   0.2679E-03  ,   0.9216E-03  ,   0.9464E-03  ,   0.8599E-03  ,   0.2186E-02  ,   0.1750E-02  ,  -0.6272E-03  ,   0.1749E-02  ,  -0.1017E-02  ,  -0.1156E-02  ,  -0.1082E-02  ,   0.2977E-02  ,   0.5404E-03  ,   0.3168E-02  ,   0.1927E-02  ,   0.1308E-02  ,   0.1097E-02  ,   0.1004E-02  ,   0.1841E-02  ,   0.1896E-02  ,   0.1625E-02  ,   0.1618E-02  ,   0.1621E-02  ,   0.1673E-02  ,   0.1716E-02  ,   0.2983E-02  ,   0.3041E-02  ,   0.2920E-02  ,   0.1756E-02  ,   0.1713E-02  ,   0.2670E-02  ,   0.1588E-02  ,   0.2652E-02  ,   0.1569E-02  ,   0.1747E-02  ,   0.1737E-02  ,   0.1729E-02  ,   0.2725E-02  ,   0.2549E-02  ,   0.1493E-02  ,   0.1656E-02  ,   0.1647E-02  ,   0.2550E-02  ,   0.1388E-02  ,   0.1597E-02  ,   0.1817E-02  ,   0.1308E-02  ,   0.1099E-02  ,   0.8146E-03  ,  -0.4515E-03  ,  -0.4191E-03  ,  -0.2536E-03  ,  -0.5576E-03  ,  -0.5239E-03  ,  -0.8501E-03  ,  -0.1167E-02  ,  -0.9296E-03  ,   0.1183E-02  ,   0.9387E-03  ,   0.1187E-02  ,   0.1288E-02  ,   0.1250E-02  ,   0.1422E-02  ,   0.1650E-02  ,   0.3720E-02  ,   0.1636E-02  ,   0.2998E-02  ,   0.1158E-02  ,   0.2712E-02  ,   0.2412E-02  ,   0.2807E-02  ,   0.2459E-02  ,   0.3103E-02  ,   0.3437E-02  ,   0.2730E-02  ,   0.3255E-02  ,   0.2153E-02  ,   0.1137E-02  ,   0.7559E-03  ,   0.3405E-03
   0.1000E-02,   0.1000E-02  ,   0.5521E-03  ,    1.000      ,  -0.4807E-02  ,  -0.3181E-01  ,  -0.4638E-01  ,  -0.1293E-01  ,  -0.1150E-01  ,  -0.4443E-02  ,  -0.6457E-02  ,   0.1600E-02  ,   0.2604E-02  ,   0.2780E-02  ,   0.2571E-02  ,   0.1208E-01  ,   0.8789E-02  ,   0.9451E-03  ,   0.7273E-02  ,   0.8022E-03  ,   0.8332E-03  ,   0.1160E-02  ,   0.1224E-01  ,   0.6958E-02  ,   0.1141E-01  ,   0.9243E-02  ,   0.6034E-02  ,   0.7256E-02  ,   0.5061E-02  ,   0.7764E-02  ,   0.5429E-02  ,   0.6003E-02  ,   0.6070E-02  ,   0.7228E-02  ,   0.8293E-02  ,   0.7869E-02  ,   0.1093E-01  ,   0.9214E-02  ,   0.8900E-02  ,   0.8423E-02  ,   0.8154E-02  ,   0.1026E-01  ,   0.7703E-02  ,   0.1062E-01  ,   0.7625E-02  ,   0.7872E-02  ,   0.7875E-02  ,   0.7829E-02  ,   0.8634E-02  ,   0.1019E-01  ,   0.7338E-02  ,   0.7498E-02  ,   0.7423E-02  ,   0.8842E-02  ,   0.8234E-02  ,   0.6087E-02  ,   0.7553E-02  ,   0.8321E-02  ,   0.5583E-02  ,   0.5585E-02  ,   0.4565E-02  ,   0.4163E-02  ,   0.4448E-02  ,   0.4153E-02  ,   0.4725E-02  ,   0.4545E-02  ,   0.2698E-02  ,   0.4214E-02  ,   0.8457E-02  ,   0.5794E-02  ,   0.6440E-02  ,   0.8740E-02  ,   0.8722E-02  ,   0.9066E-02  ,   0.9702E-02  ,   0.1515E-01  ,   0.1033E-01  ,   0.1494E-01  ,   0.1053E-01  ,   0.1319E-01  ,   0.1375E-01  ,   0.1622E-01  ,   0.1480E-01  ,   0.1532E-01  ,   0.1811E-01  ,   0.1674E-01  ,   0.1907E-01  ,   0.1197E-01  ,   0.7784E-02  ,   0.5351E-02  ,   0.4040E-02
   0.5000E-02,   0.5000E-02  ,   0.8865E-03  ,  -0.4807E-02  ,    1.000      ,  -0.6023E-01  ,  -0.1016      ,  -0.2681E-01  ,  -0.2368E-01  ,  -0.9431E-02  ,  -0.1468E-01  ,   0.2438E-02  ,   0.3628E-02  ,   0.3900E-02  ,   0.5250E-02  ,   0.1952E-01  ,   0.1292E-01  ,   0.2046E-02  ,   0.1161E-01  ,   0.2083E-02  ,   0.2231E-02  ,   0.2716E-02  ,   0.1867E-01  ,   0.1081E-01  ,   0.1661E-01  ,   0.1324E-01  ,   0.1011E-01  ,   0.1061E-01  ,   0.7716E-02  ,   0.1257E-01  ,   0.8339E-02  ,   0.8828E-02  ,   0.9946E-02  ,   0.1020E-01  ,   0.1191E-01  ,   0.1118E-01  ,   0.1537E-01  ,   0.1316E-01  ,   0.1273E-01  ,   0.1206E-01  ,   0.1165E-01  ,   0.1449E-01  ,   0.1100E-01  ,   0.1510E-01  ,   0.1088E-01  ,   0.1117E-01  ,   0.1118E-01  ,   0.1111E-01  ,   0.1344E-01  ,   0.1447E-01  ,   0.1047E-01  ,   0.1061E-01  ,   0.1050E-01  ,   0.1390E-01  ,   0.1201E-01  ,   0.9989E-02  ,   0.1059E-01  ,   0.1220E-01  ,   0.8506E-02  ,   0.8709E-02  ,   0.7212E-02  ,   0.6530E-02  ,   0.6883E-02  ,   0.6609E-02  ,   0.7524E-02  ,   0.7454E-02  ,   0.5300E-02  ,   0.6966E-02  ,   0.1251E-01  ,   0.8965E-02  ,   0.9851E-02  ,   0.1291E-01  ,   0.1290E-01  ,   0.1335E-01  ,   0.1423E-01  ,   0.2184E-01  ,   0.1527E-01  ,   0.2194E-01  ,   0.1652E-01  ,   0.1985E-01  ,   0.2092E-01  ,   0.2408E-01  ,   0.2256E-01  ,   0.2302E-01  ,   0.2736E-01  ,   0.2555E-01  ,   0.2846E-01  ,   0.1755E-01  ,   0.1198E-01  ,   0.8250E-02  ,   0.5750E-02
   0.1000E-01,   0.1000E-01  ,   0.6450E-03  ,  -0.3181E-01  ,  -0.6023E-01  ,    1.000      ,  -0.6247      ,  -0.1680      ,  -0.1448      ,  -0.5824E-01  ,  -0.7941E-01  ,  -0.4289E-02  ,   0.8256E-02  ,   0.1298E-01  ,   0.2631E-01  ,   0.5322E-01  ,   0.3197E-01  ,   0.9284E-02  ,   0.2950E-01  ,   0.9612E-02  ,   0.1050E-01  ,   0.1176E-01  ,   0.4620E-01  ,   0.3029E-01  ,   0.4119E-01  ,   0.3261E-01  ,   0.2394E-01  ,   0.2612E-01  ,   0.2065E-01  ,   0.2885E-01  ,   0.2185E-01  ,   0.2212E-01  ,   0.2250E-01  ,   0.2325E-01  ,   0.2834E-01  ,   0.2598E-01  ,   0.3494E-01  ,   0.3107E-01  ,   0.3012E-01  ,   0.2856E-01  ,   0.2743E-01  ,   0.3321E-01  ,   0.2581E-01  ,   0.3513E-01  ,   0.2552E-01  ,   0.2584E-01  ,   0.2590E-01  ,   0.2571E-01  ,   0.2981E-01  ,   0.3351E-01  ,   0.2447E-01  ,   0.2443E-01  ,   0.2410E-01  ,   0.3178E-01  ,   0.2952E-01  ,   0.2269E-01  ,   0.2387E-01  ,   0.3037E-01  ,   0.2277E-01  ,   0.2428E-01  ,   0.2047E-01  ,   0.1829E-01  ,   0.1886E-01  ,   0.1896E-01  ,   0.2165E-01  ,   0.2244E-01  ,   0.1995E-01  ,   0.2119E-01  ,   0.3170E-01  ,   0.2468E-01  ,   0.2663E-01  ,   0.3258E-01  ,   0.3269E-01  ,   0.3352E-01  ,   0.3554E-01  ,   0.5253E-01  ,   0.3875E-01  ,   0.5504E-01  ,   0.4713E-01  ,   0.5254E-01  ,   0.5672E-01  ,   0.6221E-01  ,   0.6153E-01  ,   0.6099E-01  ,   0.7325E-01  ,   0.6987E-01  ,   0.7430E-01  ,   0.4416E-01  ,   0.3319E-01  ,   0.2295E-01  ,   0.1352E-01
   0.3000E-01,   0.3000E-01  ,  -0.1013E-02  ,  -0.4638E-01  ,  -0.1016      ,  -0.6247      ,    1.000      ,  -0.3343      ,  -0.2928      ,  -0.1228      ,  -0.1707      ,  -0.2263E-01  ,   0.7171E-02  ,   0.1669E-01  ,   0.4262E-01  ,   0.4694E-01  ,   0.1663E-01  ,   0.6162E-02  ,   0.2143E-01  ,   0.4669E-02  ,   0.5154E-02  ,   0.5159E-02  ,   0.3705E-01  ,   0.1986E-01  ,   0.3174E-01  ,   0.2636E-01  ,   0.1478E-01  ,   0.1612E-01  ,   0.1198E-01  ,   0.1978E-01  ,   0.1569E-01  ,   0.1383E-01  ,   0.1410E-01  ,   0.1466E-01  ,   0.1746E-01  ,   0.1678E-01  ,   0.2270E-01  ,   0.1992E-01  ,   0.2007E-01  ,   0.1872E-01  ,   0.1784E-01  ,   0.2103E-01  ,   0.1650E-01  ,   0.2241E-01  ,   0.1626E-01  ,   0.1671E-01  ,   0.1675E-01  ,   0.1660E-01  ,   0.1960E-01  ,   0.2109E-01  ,   0.1540E-01  ,   0.1556E-01  ,   0.1531E-01  ,   0.1982E-01  ,   0.1797E-01  ,   0.1422E-01  ,   0.1535E-01  ,   0.1849E-01  ,   0.1467E-01  ,   0.1543E-01  ,   0.1232E-01  ,   0.1076E-01  ,   0.1138E-01  ,   0.1108E-01  ,   0.1310E-01  ,   0.1328E-01  ,   0.1107E-01  ,   0.1227E-01  ,   0.1931E-01  ,   0.1587E-01  ,   0.1660E-01  ,   0.2110E-01  ,   0.2113E-01  ,   0.2195E-01  ,   0.2272E-01  ,   0.3425E-01  ,   0.2606E-01  ,   0.3648E-01  ,   0.3388E-01  ,   0.3856E-01  ,   0.4248E-01  ,   0.4702E-01  ,   0.4822E-01  ,   0.4744E-01  ,   0.5688E-01  ,   0.5467E-01  ,   0.5650E-01  ,   0.3292E-01  ,   0.2578E-01  ,   0.1779E-01  ,   0.1036E-01
   0.7000E-01,   0.7000E-01  ,  -0.1947E-02  ,  -0.1293E-01  ,  -0.2681E-01  ,  -0.1680      ,  -0.3343      ,    1.000      ,  -0.8972E-01  ,  -0.3999E-01  ,  -0.5848E-01  ,  -0.1224E-01  ,  -0.3156E-02  ,  -0.6534E-03  ,   0.1615E-02  ,  -0.3611E-01  ,  -0.1826E-01  ,  -0.1118E-01  ,  -0.2848E-01  ,  -0.1360E-01  ,  -0.1478E-01  ,  -0.1550E-01  ,  -0.3056E-01  ,  -0.1793E-01  ,  -0.2378E-01  ,  -0.1825E-01  ,  -0.1906E-01  ,  -0.2151E-01  ,  -0.1859E-01  ,  -0.2173E-01  ,  -0.1610E-01  ,  -0.1752E-01  ,  -0.1783E-01  ,  -0.1740E-01  ,  -0.2116E-01  ,  -0.1918E-01  ,  -0.2519E-01  ,  -0.2197E-01  ,  -0.2168E-01  ,  -0.2104E-01  ,  -0.2032E-01  ,  -0.2499E-01  ,  -0.1951E-01  ,  -0.2655E-01  ,  -0.1935E-01  ,  -0.1896E-01  ,  -0.1905E-01  ,  -0.1893E-01  ,  -0.2214E-01  ,  -0.2566E-01  ,  -0.1881E-01  ,  -0.1819E-01  ,  -0.1898E-01  ,  -0.2431E-01  ,  -0.2311E-01  ,  -0.1806E-01  ,  -0.1717E-01  ,  -0.2406E-01  ,  -0.1991E-01  ,  -0.2211E-01  ,  -0.2004E-01  ,  -0.1823E-01  ,  -0.1808E-01  ,  -0.1924E-01  ,  -0.2122E-01  ,  -0.2299E-01  ,  -0.2218E-01  ,  -0.2230E-01  ,  -0.2555E-01  ,  -0.2197E-01  ,  -0.2259E-01  ,  -0.2585E-01  ,  -0.2709E-01  ,  -0.2610E-01  ,  -0.2685E-01  ,  -0.3888E-01  ,  -0.2940E-01  ,  -0.4077E-01  ,  -0.3502E-01  ,  -0.3721E-01  ,  -0.3797E-01  ,  -0.4081E-01  ,  -0.3908E-01  ,  -0.3977E-01  ,  -0.4710E-01  ,  -0.4459E-01  ,  -0.4857E-01  ,  -0.2916E-01  ,  -0.2175E-01  ,  -0.1515E-01  ,  -0.9290E-02
   0.1000    ,   0.1000      ,  -0.2962E-02  ,  -0.1150E-01  ,  -0.2368E-01  ,  -0.1448      ,  -0.2928      ,  -0.8972E-01  ,    1.000      ,  -0.3744E-01  ,  -0.5531E-01  ,  -0.1366E-01  ,  -0.5754E-02  ,  -0.3527E-02  ,  -0.3041E-02  ,  -0.5771E-01  ,  -0.2987E-01  ,  -0.1557E-01  ,  -0.4478E-01  ,  -0.1878E-01  ,  -0.2041E-01  ,  -0.2157E-01  ,  -0.4917E-01  ,  -0.2801E-01  ,  -0.3910E-01  ,  -0.3000E-01  ,  -0.2894E-01  ,  -0.3240E-01  ,  -0.2740E-01  ,  -0.3355E-01  ,  -0.2514E-01  ,  -0.2646E-01  ,  -0.2693E-01  ,  -0.2679E-01  ,  -0.3251E-01  ,  -0.2957E-01  ,  -0.3892E-01  ,  -0.3413E-01  ,  -0.3355E-01  ,  -0.3242E-01  ,  -0.3128E-01  ,  -0.3826E-01  ,  -0.2993E-01  ,  -0.4059E-01  ,  -0.2966E-01  ,  -0.2927E-01  ,  -0.2939E-01  ,  -0.2921E-01  ,  -0.3404E-01  ,  -0.3914E-01  ,  -0.2877E-01  ,  -0.2801E-01  ,  -0.2767E-01  ,  -0.3710E-01  ,  -0.3513E-01  ,  -0.2725E-01  ,  -0.2666E-01  ,  -0.3647E-01  ,  -0.2948E-01  ,  -0.3248E-01  ,  -0.2909E-01  ,  -0.2639E-01  ,  -0.2636E-01  ,  -0.2777E-01  ,  -0.3078E-01  ,  -0.3309E-01  ,  -0.3152E-01  ,  -0.3197E-01  ,  -0.3857E-01  ,  -0.3241E-01  ,  -0.3362E-01  ,  -0.3914E-01  ,  -0.4045E-01  ,  -0.3966E-01  ,  -0.4104E-01  ,  -0.5972E-01  ,  -0.4486E-01  ,  -0.6237E-01  ,  -0.5340E-01  ,  -0.5731E-01  ,  -0.5922E-01  ,  -0.6393E-01  ,  -0.6151E-01  ,  -0.6124E-01  ,  -0.7410E-01  ,  -0.7010E-01  ,  -0.7612E-01  ,  -0.4567E-01  ,  -0.3398E-01  ,  -0.2362E-01  ,  -0.1436E-01
   0.1523    ,   0.1523      ,  -0.2268E-02  ,  -0.4443E-02  ,  -0.9431E-02  ,  -0.5824E-01  ,  -0.1228      ,  -0.3999E-01  ,  -0.3744E-01  ,    1.000      ,  -0.2836E-01  ,  -0.8004E-02  ,  -0.4049E-02  ,  -0.3638E-02  ,  -0.6923E-02  ,  -0.4404E-01  ,  -0.2013E-01  ,  -0.1243E-01  ,  -0.3344E-01  ,  -0.1506E-01  ,  -0.1535E-01  ,  -0.1622E-01  ,  -0.3657E-01  ,  -0.2074E-01  ,  -0.2870E-01  ,  -0.2202E-01  ,  -0.2109E-01  ,  -0.2384E-01  ,  -0.2026E-01  ,  -0.2342E-01  ,  -0.1793E-01  ,  -0.1828E-01  ,  -0.1864E-01  ,  -0.1931E-01  ,  -0.2369E-01  ,  -0.2141E-01  ,  -0.2749E-01  ,  -0.2479E-01  ,  -0.2439E-01  ,  -0.2359E-01  ,  -0.2273E-01  ,  -0.2711E-01  ,  -0.2174E-01  ,  -0.2891E-01  ,  -0.2154E-01  ,  -0.2117E-01  ,  -0.2127E-01  ,  -0.2113E-01  ,  -0.2485E-01  ,  -0.2783E-01  ,  -0.2088E-01  ,  -0.2024E-01  ,  -0.1998E-01  ,  -0.2627E-01  ,  -0.2582E-01  ,  -0.1889E-01  ,  -0.1913E-01  ,  -0.2688E-01  ,  -0.2182E-01  ,  -0.2425E-01  ,  -0.2175E-01  ,  -0.1966E-01  ,  -0.1956E-01  ,  -0.2077E-01  ,  -0.2307E-01  ,  -0.2498E-01  ,  -0.2493E-01  ,  -0.2415E-01  ,  -0.2855E-01  ,  -0.2414E-01  ,  -0.2497E-01  ,  -0.2895E-01  ,  -0.2919E-01  ,  -0.2930E-01  ,  -0.3026E-01  ,  -0.4337E-01  ,  -0.3321E-01  ,  -0.4553E-01  ,  -0.4081E-01  ,  -0.4259E-01  ,  -0.4477E-01  ,  -0.4726E-01  ,  -0.4633E-01  ,  -0.4604E-01  ,  -0.5579E-01  ,  -0.5283E-01  ,  -0.5647E-01  ,  -0.3346E-01  ,  -0.2568E-01  ,  -0.1787E-01  ,  -0.9908E-02
   0.2000    ,   0.2000      ,  -0.3843E-02  ,  -0.6457E-02  ,  -0.1468E-01  ,  -0.7941E-01  ,  -0.1707      ,  -0.5848E-01  ,  -0.5531E-01  ,  -0.2836E-01  ,    1.000      ,  -0.4590E-01  ,  -0.3759E-01  ,  -0.4060E-01  ,  -0.9097E-01  ,  -0.7432E-01  ,  -0.3429E-01  ,  -0.2881E-01  ,  -0.5907E-01  ,  -0.2692E-01  ,  -0.2803E-01  ,  -0.2953E-01  ,  -0.7593E-01  ,  -0.4858E-01  ,  -0.6772E-01  ,  -0.5574E-01  ,  -0.3926E-01  ,  -0.4275E-01  ,  -0.3495E-01  ,  -0.4620E-01  ,  -0.3628E-01  ,  -0.3368E-01  ,  -0.3428E-01  ,  -0.3542E-01  ,  -0.4284E-01  ,  -0.3902E-01  ,  -0.4910E-01  ,  -0.4086E-01  ,  -0.4113E-01  ,  -0.4271E-01  ,  -0.4124E-01  ,  -0.5031E-01  ,  -0.3950E-01  ,  -0.5333E-01  ,  -0.4017E-01  ,  -0.3863E-01  ,  -0.3879E-01  ,  -0.3956E-01  ,  -0.4583E-01  ,  -0.5146E-01  ,  -0.3800E-01  ,  -0.3700E-01  ,  -0.3757E-01  ,  -0.4882E-01  ,  -0.4627E-01  ,  -0.3571E-01  ,  -0.3523E-01  ,  -0.4802E-01  ,  -0.3866E-01  ,  -0.4258E-01  ,  -0.3822E-01  ,  -0.3471E-01  ,  -0.3465E-01  ,  -0.3651E-01  ,  -0.4042E-01  ,  -0.4345E-01  ,  -0.4144E-01  ,  -0.4200E-01  ,  -0.5076E-01  ,  -0.4248E-01  ,  -0.4403E-01  ,  -0.5149E-01  ,  -0.5188E-01  ,  -0.5215E-01  ,  -0.5392E-01  ,  -0.7847E-01  ,  -0.5888E-01  ,  -0.8057E-01  ,  -0.6962E-01  ,  -0.7463E-01  ,  -0.7704E-01  ,  -0.8311E-01  ,  -0.7962E-01  ,  -0.7960E-01  ,  -0.9625E-01  ,  -0.9075E-01  ,  -0.9888E-01  ,  -0.5948E-01  ,  -0.4400E-01  ,  -0.3060E-01  ,  -0.1861E-01
   0.4140    ,   0.4140      ,   0.2679E-03  ,   0.1600E-02  ,   0.2438E-02  ,  -0.4289E-02  ,  -0.2263E-01  ,  -0.1224E-01  ,  -0.1366E-01  ,  -0.8004E-02  ,  -0.4590E-01  ,    1.000      ,  -0.1290      ,  -0.1438      ,  -0.3396      ,   0.1998E-01  ,   0.2159E-01  ,  -0.4221E-01  ,   0.5204E-02  ,  -0.2086E-01  ,  -0.1607E-01  ,  -0.1278E-01  ,  -0.2252E-01  ,  -0.3141E-01  ,  -0.3646E-01  ,  -0.3606E-01  ,  -0.5708E-02  ,  -0.4011E-02  ,  -0.3623E-02  ,  -0.7037E-02  ,  -0.9450E-02  ,  -0.1103E-02  ,  -0.1089E-02  ,  -0.2029E-02  ,  -0.2523E-02  ,  -0.3609E-02  ,  -0.5316E-02  ,  -0.6478E-02  ,  -0.5836E-02  ,  -0.3320E-02  ,  -0.1497E-02  ,  -0.2172E-02  ,  -0.1906E-02  ,  -0.3076E-02  ,  -0.2976E-02  ,  -0.1544E-02  ,  -0.1561E-02  ,  -0.2598E-02  ,  -0.3309E-02  ,  -0.2434E-02  ,  -0.1218E-02  ,  -0.8533E-03  ,  -0.1905E-02  ,  -0.1554E-02  ,  -0.2078E-02  ,  -0.1121E-02  ,  -0.5339E-03  ,  -0.2197E-02  ,  -0.3247E-02  ,  -0.2767E-02  ,  -0.3622E-02  ,  -0.2704E-02  ,  -0.2292E-02  ,  -0.2960E-02  ,  -0.3694E-02  ,  -0.3344E-02  ,  -0.4240E-02  ,  -0.3617E-02  ,  -0.2382E-02  ,  -0.1444E-02  ,  -0.1746E-02  ,  -0.1064E-02  ,  -0.1143E-02  ,  -0.6855E-03  ,  -0.1058E-04  ,  -0.6258E-03  ,   0.2042E-03  ,   0.1277E-02  ,   0.4063E-02  ,   0.4757E-02  ,   0.7621E-02  ,   0.7981E-02  ,   0.1024E-01  ,   0.9509E-02  ,   0.1124E-01  ,   0.1149E-01  ,   0.9974E-02  ,   0.5061E-02  ,   0.5110E-02  ,   0.3467E-02  ,   0.1813E-02
   0.6000    ,   0.6000      ,   0.9216E-03  ,   0.2604E-02  ,   0.3628E-02  ,   0.8256E-02  ,   0.7171E-02  ,  -0.3156E-02  ,  -0.5754E-02  ,  -0.4049E-02  ,  -0.3759E-01  ,  -0.1290      ,    1.000      ,  -0.1496      ,  -0.3550      ,   0.3388E-01  ,   0.2613E-01  ,  -0.4132E-01  ,   0.1507E-01  ,  -0.1849E-01  ,  -0.1342E-01  ,  -0.9851E-02  ,  -0.4685E-02  ,  -0.1849E-01  ,  -0.1767E-01  ,  -0.2051E-01  ,   0.1685E-02  ,   0.3022E-02  ,   0.2064E-02  ,   0.1602E-02  ,  -0.1605E-02  ,   0.3668E-02  ,   0.3778E-02  ,   0.3032E-02  ,   0.3800E-02  ,   0.2100E-02  ,  -0.4563E-03  ,  -0.7618E-02  ,  -0.3169E-02  ,   0.3024E-02  ,   0.5580E-02  ,   0.6394E-02  ,   0.4820E-02  ,   0.6992E-02  ,   0.4689E-02  ,   0.5114E-02  ,   0.5119E-02  ,   0.5041E-02  ,   0.5374E-02  ,   0.7270E-02  ,   0.5211E-02  ,   0.5488E-02  ,   0.5362E-02  ,   0.6703E-02  ,   0.5679E-02  ,   0.4808E-02  ,   0.5591E-02  ,   0.5813E-02  ,   0.2935E-02  ,   0.3928E-02  ,   0.2225E-02  ,   0.2573E-02  ,   0.3053E-02  ,   0.1537E-02  ,   0.3499E-02  ,   0.2164E-02  ,   0.1800E-02  ,   0.2630E-02  ,   0.7035E-02  ,   0.5293E-02  ,   0.6378E-02  ,   0.7514E-02  ,   0.7481E-02  ,   0.8067E-02  ,   0.9146E-02  ,   0.1282E-01  ,   0.1018E-01  ,   0.1521E-01  ,   0.1591E-01  ,   0.1772E-01  ,   0.2131E-01  ,   0.2288E-01  ,   0.2469E-01  ,   0.2396E-01  ,   0.2864E-01  ,   0.2792E-01  ,   0.2772E-01  ,   0.1570E-01  ,   0.1299E-01  ,   0.8928E-02  ,   0.5077E-02
   0.8000    ,   0.8000      ,   0.9464E-03  ,   0.2780E-02  ,   0.3900E-02  ,   0.1298E-01  ,   0.1669E-01  ,  -0.6534E-03  ,  -0.3527E-02  ,  -0.3638E-02  ,  -0.4060E-01  ,  -0.1438      ,  -0.1496      ,    1.000      ,  -0.4003      ,   0.3484E-01  ,   0.2085E-01  ,  -0.4770E-01  ,   0.1386E-01  ,  -0.2198E-01  ,  -0.1593E-01  ,  -0.1234E-01  ,  -0.5743E-02  ,  -0.1945E-01  ,  -0.1806E-01  ,  -0.2005E-01  ,   0.6582E-03  ,   0.1950E-02  ,   0.9330E-03  ,   0.7609E-03  ,  -0.2476E-02  ,   0.3718E-02  ,   0.2827E-02  ,   0.3088E-02  ,   0.2901E-02  ,   0.1963E-03  ,  -0.3226E-02  ,  -0.1239E-01  ,  -0.6987E-02  ,   0.1147E-02  ,   0.4686E-02  ,   0.5522E-02  ,   0.4885E-02  ,   0.6127E-02  ,   0.3743E-02  ,   0.5221E-02  ,   0.5224E-02  ,   0.4141E-02  ,   0.5500E-02  ,   0.6366E-02  ,   0.5241E-02  ,   0.5562E-02  ,   0.4428E-02  ,   0.6794E-02  ,   0.5715E-02  ,   0.4854E-02  ,   0.5703E-02  ,   0.4824E-02  ,   0.2850E-02  ,   0.2765E-02  ,   0.1983E-02  ,   0.2324E-02  ,   0.2852E-02  ,   0.1258E-02  ,   0.2232E-02  ,   0.1830E-02  ,   0.1366E-02  ,   0.2266E-02  ,   0.6019E-02  ,   0.4167E-02  ,   0.5333E-02  ,   0.7542E-02  ,   0.7500E-02  ,   0.8138E-02  ,   0.8285E-02  ,   0.1207E-01  ,   0.1034E-01  ,   0.1457E-01  ,   0.1627E-01  ,   0.1826E-01  ,   0.2207E-01  ,   0.2377E-01  ,   0.2574E-01  ,   0.2493E-01  ,   0.2978E-01  ,   0.2910E-01  ,   0.2882E-01  ,   0.1630E-01  ,   0.1351E-01  ,   0.9278E-02  ,   0.5256E-02
    1.125    ,    1.125      ,   0.8599E-03  ,   0.2571E-02  ,   0.5250E-02  ,   0.2631E-01  ,   0.4262E-01  ,   0.1615E-02  ,  -0.3041E-02  ,  -0.6923E-02  ,  -0.9097E-01  ,  -0.3396      ,  -0.3550      ,  -0.4003      ,    1.000      ,   0.1676E-01  ,  -0.1315      ,  -0.1285      ,  -0.1034E-01  ,  -0.6762E-01  ,  -0.5389E-01  ,  -0.4318E-01  ,  -0.4796E-01  ,  -0.5654E-01  ,  -0.6993E-01  ,  -0.6730E-01  ,  -0.1701E-01  ,  -0.1428E-01  ,  -0.1415E-01  ,  -0.2112E-01  ,  -0.2384E-01  ,  -0.9180E-02  ,  -0.1010E-01  ,  -0.1188E-01  ,  -0.1626E-01  ,  -0.1973E-01  ,  -0.3607E-01  ,  -0.5584E-01  ,  -0.4070E-01  ,  -0.1884E-01  ,  -0.1033E-01  ,  -0.1093E-01  ,  -0.8297E-02  ,  -0.1148E-01  ,  -0.9459E-02  ,  -0.7635E-02  ,  -0.7656E-02  ,  -0.7744E-02  ,  -0.9637E-02  ,  -0.9364E-02  ,  -0.7058E-02  ,  -0.6401E-02  ,  -0.6534E-02  ,  -0.8832E-02  ,  -0.8094E-02  ,  -0.6131E-02  ,  -0.5901E-02  ,  -0.1021E-01  ,  -0.1015E-01  ,  -0.9903E-02  ,  -0.9958E-02  ,  -0.7406E-02  ,  -0.6584E-02  ,  -0.9794E-02  ,  -0.8912E-02  ,  -0.1001E-01  ,  -0.9942E-02  ,  -0.7627E-02  ,  -0.8349E-02  ,  -0.6254E-02  ,  -0.5705E-02  ,  -0.6658E-02  ,  -0.4769E-02  ,  -0.3820E-02  ,  -0.5319E-02  ,  -0.7452E-02  ,  -0.2471E-02  ,  -0.1399E-02  ,   0.1010E-01  ,   0.8985E-02  ,   0.1695E-01  ,   0.1823E-01  ,   0.2717E-01  ,   0.2292E-01  ,   0.2597E-01  ,   0.3061E-01  ,   0.2269E-01  ,   0.1031E-01  ,   0.1293E-01  ,   0.8515E-02  ,   0.3201E-02
    3.059    ,    3.059      ,   0.2186E-02  ,   0.1208E-01  ,   0.1952E-01  ,   0.5322E-01  ,   0.4694E-01  ,  -0.3611E-01  ,  -0.5771E-01  ,  -0.4404E-01  ,  -0.7432E-01  ,   0.1998E-01  ,   0.3388E-01  ,   0.3484E-01  ,   0.1676E-01  ,    1.000      ,  -0.5297      ,  -0.5031E-01  ,   0.7210E-01  ,   0.3482E-01  ,  -0.5376E-01  ,  -0.4572E-01  ,   0.7711E-01  ,   0.4740E-02  ,   0.5032E-01  ,   0.4013E-01  ,  -0.9734E-03  ,  -0.9743E-02  ,  -0.1298E-01  ,   0.1439E-01  ,   0.1213E-01  ,   0.6229E-02  ,   0.6320E-02  ,   0.6843E-02  ,   0.1102E-01  ,   0.1045E-01  ,   0.2132E-01  ,   0.2107E-01  ,   0.1802E-01  ,   0.1284E-01  ,   0.1128E-01  ,   0.1381E-01  ,   0.7755E-02  ,   0.1461E-01  ,   0.7198E-02  ,   0.1097E-01  ,   0.1082E-01  ,   0.1053E-01  ,   0.1287E-01  ,   0.1149E-01  ,   0.5019E-02  ,   0.8283E-02  ,   0.7883E-02  ,   0.1047E-01  ,   0.5976E-02  ,   0.6020E-02  ,   0.1118E-01  ,   0.4865E-02  ,  -0.3959E-02  ,  -0.8799E-02  ,  -0.1616E-01  ,  -0.1685E-01  ,  -0.1321E-01  ,  -0.1921E-01  ,  -0.1689E-01  ,  -0.2293E-01  ,  -0.3077E-01  ,  -0.2527E-01  ,   0.3144E-02  ,  -0.6052E-02  ,   0.1458E-03  ,   0.5800E-02  ,   0.5095E-02  ,   0.9106E-02  ,   0.1497E-01  ,   0.2627E-01  ,   0.1665E-01  ,   0.3393E-01  ,   0.3252E-01  ,   0.4724E-01  ,   0.6378E-01  ,   0.7524E-01  ,   0.8700E-01  ,   0.8043E-01  ,   0.9502E-01  ,   0.9755E-01  ,   0.9199E-01  ,   0.5066E-01  ,   0.4318E-01  ,   0.2926E-01  ,   0.1517E-01
    5.043    ,    5.043      ,   0.1750E-02  ,   0.8789E-02  ,   0.1292E-01  ,   0.3197E-01  ,   0.1663E-01  ,  -0.1826E-01  ,  -0.2987E-01  ,  -0.2013E-01  ,  -0.3429E-01  ,   0.2159E-01  ,   0.2613E-01  ,   0.2085E-01  ,  -0.1315      ,  -0.5297      ,    1.000      ,   0.5302E-01  ,   0.4492E-01  ,  -0.1373      ,  -0.1190      ,  -0.7679E-01  ,   0.6339E-01  ,   0.1970E-02  ,   0.5221E-01  ,   0.4190E-01  ,   0.3198E-02  ,   0.7920E-02  ,   0.4055E-02  ,   0.1944E-01  ,   0.1768E-01  ,   0.9381E-02  ,   0.9550E-02  ,   0.1101E-01  ,   0.1437E-01  ,   0.1528E-01  ,   0.2542E-01  ,   0.2652E-01  ,   0.2212E-01  ,   0.1609E-01  ,   0.1413E-01  ,   0.1716E-01  ,   0.1228E-01  ,   0.1815E-01  ,   0.1197E-01  ,   0.1343E-01  ,   0.1340E-01  ,   0.1323E-01  ,   0.1557E-01  ,   0.1644E-01  ,   0.1081E-01  ,   0.1195E-01  ,   0.1169E-01  ,   0.1544E-01  ,   0.1301E-01  ,   0.1051E-01  ,   0.1278E-01  ,   0.1292E-01  ,   0.6978E-02  ,   0.4809E-02  ,   0.7804E-03  ,  -0.2701E-03  ,   0.1243E-02  ,   0.1371E-03  ,   0.1957E-02  ,   0.9517E-04  ,  -0.4630E-02  ,  -0.1202E-02  ,   0.1280E-01  ,   0.6936E-02  ,   0.9862E-02  ,   0.1407E-01  ,   0.1386E-01  ,   0.1560E-01  ,   0.1843E-01  ,   0.2872E-01  ,   0.2021E-01  ,   0.3237E-01  ,   0.2896E-01  ,   0.3620E-01  ,   0.4363E-01  ,   0.4974E-01  ,   0.5369E-01  ,   0.5115E-01  ,   0.6086E-01  ,   0.6052E-01  ,   0.6017E-01  ,   0.3433E-01  ,   0.2762E-01  ,   0.1889E-01  ,   0.1039E-01
    8.315    ,    8.315      ,  -0.6272E-03  ,   0.9451E-03  ,   0.2046E-02  ,   0.9284E-02  ,   0.6162E-02  ,  -0.1118E-01  ,  -0.1557E-01  ,  -0.1243E-01  ,  -0.2881E-01  ,  -0.4221E-01  ,  -0.4132E-01  ,  -0.4770E-01  ,  -0.1285      ,  -0.5031E-01  ,   0.5302E-01  ,    1.000      ,  -0.1206      ,  -0.3000E-01  ,  -0.2637E-01  ,  -0.2373E-01  ,  -0.3640E-01  ,  -0.2614E-01  ,  -0.2490E-01  ,  -0.2196E-01  ,  -0.1758E-01  ,  -0.1935E-01  ,  -0.1718E-01  ,  -0.1836E-01  ,  -0.1526E-01  ,  -0.1338E-01  ,  -0.1368E-01  ,  -0.1418E-01  ,  -0.1633E-01  ,  -0.1648E-01  ,  -0.2100E-01  ,  -0.2101E-01  ,  -0.1910E-01  ,  -0.1598E-01  ,  -0.1547E-01  ,  -0.1771E-01  ,  -0.1513E-01  ,  -0.1913E-01  ,  -0.1504E-01  ,  -0.1417E-01  ,  -0.1428E-01  ,  -0.1420E-01  ,  -0.1605E-01  ,  -0.1866E-01  ,  -0.1478E-01  ,  -0.1376E-01  ,  -0.1359E-01  ,  -0.1848E-01  ,  -0.1787E-01  ,  -0.1293E-01  ,  -0.1239E-01  ,  -0.1895E-01  ,  -0.1704E-01  ,  -0.1982E-01  ,  -0.1976E-01  ,  -0.1806E-01  ,  -0.1745E-01  ,  -0.1936E-01  ,  -0.2100E-01  ,  -0.2352E-01  ,  -0.2476E-01  ,  -0.2315E-01  ,  -0.2062E-01  ,  -0.1933E-01  ,  -0.1915E-01  ,  -0.2160E-01  ,  -0.2191E-01  ,  -0.2142E-01  ,  -0.2039E-01  ,  -0.2871E-01  ,  -0.2370E-01  ,  -0.3064E-01  ,  -0.2824E-01  ,  -0.2751E-01  ,  -0.2814E-01  ,  -0.2849E-01  ,  -0.2723E-01  ,  -0.2683E-01  ,  -0.3313E-01  ,  -0.3130E-01  ,  -0.3305E-01  ,  -0.2016E-01  ,  -0.1483E-01  ,  -0.1013E-01  ,  -0.6180E-02
    13.71    ,    13.71      ,   0.1749E-02  ,   0.7273E-02  ,   0.1161E-01  ,   0.2950E-01  ,   0.2143E-01  ,  -0.2848E-01  ,  -0.4478E-01  ,  -0.3344E-01  ,  -0.5907E-01  ,   0.5204E-02  ,   0.1507E-01  ,   0.1386E-01  ,  -0.1034E-01  ,   0.7210E-01  ,   0.4492E-01  ,  -0.1206      ,    1.000      ,  -0.8422E-01  ,  -0.1358E-01  ,  -0.1092E-01  ,   0.7697E-01  ,  -0.1244      ,   0.6684E-01  ,   0.5648E-01  ,  -0.1011E-01  ,  -0.1795E-01  ,  -0.9189E-02  ,   0.1325E-01  ,   0.1138E-01  ,   0.6218E-02  ,   0.6313E-02  ,   0.7724E-02  ,   0.1009E-01  ,   0.1047E-01  ,   0.2079E-01  ,   0.2156E-01  ,   0.1740E-01  ,   0.1236E-01  ,   0.1019E-01  ,   0.1245E-01  ,   0.7595E-02  ,   0.1416E-01  ,   0.8164E-02  ,   0.9845E-02  ,   0.9743E-02  ,   0.1149E-01  ,   0.1347E-01  ,   0.1086E-01  ,   0.5571E-02  ,   0.7848E-02  ,   0.8522E-02  ,   0.9999E-02  ,   0.6665E-02  ,   0.6120E-02  ,   0.9826E-02  ,   0.6947E-02  ,   0.1398E-03  ,  -0.3112E-02  ,  -0.9570E-02  ,  -0.1024E-01  ,  -0.7638E-02  ,  -0.1083E-01  ,  -0.8984E-02  ,  -0.1313E-01  ,  -0.1883E-01  ,  -0.1587E-01  ,   0.5860E-02  ,  -0.2149E-02  ,   0.2347E-02  ,   0.7789E-02  ,   0.7306E-02  ,   0.1018E-01  ,   0.1346E-01  ,   0.2378E-01  ,   0.1490E-01  ,   0.2933E-01  ,   0.2670E-01  ,   0.3744E-01  ,   0.4935E-01  ,   0.5782E-01  ,   0.6598E-01  ,   0.6135E-01  ,   0.7257E-01  ,   0.7406E-01  ,   0.7055E-01  ,   0.3912E-01  ,   0.3298E-01  ,   0.2238E-01  ,   0.1174E-01
    22.60    ,    22.60      ,  -0.1017E-02  ,   0.8022E-03  ,   0.2083E-02  ,   0.9612E-02  ,   0.4669E-02  ,  -0.1360E-01  ,  -0.1878E-01  ,  -0.1506E-01  ,  -0.2692E-01  ,  -0.2086E-01  ,  -0.1849E-01  ,  -0.2198E-01  ,  -0.6762E-01  ,   0.3482E-01  ,  -0.1373      ,  -0.3000E-01  ,  -0.8422E-01  ,    1.000      ,  -0.2553E-01  ,  -0.2505E-01  ,  -0.4818E-01  ,  -0.2321E-01  ,  -0.2617E-01  ,  -0.2197E-01  ,  -0.1821E-01  ,  -0.1954E-01  ,  -0.1762E-01  ,  -0.1830E-01  ,  -0.1603E-01  ,  -0.1334E-01  ,  -0.1370E-01  ,  -0.1433E-01  ,  -0.1723E-01  ,  -0.1594E-01  ,  -0.1957E-01  ,  -0.1789E-01  ,  -0.1696E-01  ,  -0.1580E-01  ,  -0.1515E-01  ,  -0.1837E-01  ,  -0.1571E-01  ,  -0.1911E-01  ,  -0.1560E-01  ,  -0.1458E-01  ,  -0.1471E-01  ,  -0.1461E-01  ,  -0.1610E-01  ,  -0.1952E-01  ,  -0.1527E-01  ,  -0.1404E-01  ,  -0.1485E-01  ,  -0.1906E-01  ,  -0.1929E-01  ,  -0.1402E-01  ,  -0.1240E-01  ,  -0.2059E-01  ,  -0.1873E-01  ,  -0.2209E-01  ,  -0.2274E-01  ,  -0.2066E-01  ,  -0.1994E-01  ,  -0.2223E-01  ,  -0.2324E-01  ,  -0.2626E-01  ,  -0.2851E-01  ,  -0.2681E-01  ,  -0.2263E-01  ,  -0.2152E-01  ,  -0.2034E-01  ,  -0.2363E-01  ,  -0.2502E-01  ,  -0.2345E-01  ,  -0.2247E-01  ,  -0.3141E-01  ,  -0.2632E-01  ,  -0.3343E-01  ,  -0.3465E-01  ,  -0.3212E-01  ,  -0.3362E-01  ,  -0.3440E-01  ,  -0.3426E-01  ,  -0.3317E-01  ,  -0.4010E-01  ,  -0.3935E-01  ,  -0.4040E-01  ,  -0.2391E-01  ,  -0.1785E-01  ,  -0.1294E-01  ,  -0.6948E-02
    37.27    ,    37.27      ,  -0.1156E-02  ,   0.8332E-03  ,   0.2231E-02  ,   0.1050E-01  ,   0.5154E-02  ,  -0.1478E-01  ,  -0.2041E-01  ,  -0.1535E-01  ,  -0.2803E-01  ,  -0.1607E-01  ,  -0.1342E-01  ,  -0.1593E-01  ,  -0.5389E-01  ,  -0.5376E-01  ,  -0.1190      ,  -0.2637E-01  ,  -0.1358E-01  ,  -0.2553E-01  ,    1.000      ,  -0.2595E-01  ,  -0.6772E-01  ,  -0.2379E-01  ,  -0.2791E-01  ,  -0.2331E-01  ,  -0.1901E-01  ,  -0.2060E-01  ,  -0.1841E-01  ,  -0.1914E-01  ,  -0.1745E-01  ,  -0.1385E-01  ,  -0.1424E-01  ,  -0.1490E-01  ,  -0.1706E-01  ,  -0.1662E-01  ,  -0.1961E-01  ,  -0.1767E-01  ,  -0.1676E-01  ,  -0.1559E-01  ,  -0.1592E-01  ,  -0.1849E-01  ,  -0.1646E-01  ,  -0.2037E-01  ,  -0.1634E-01  ,  -0.1422E-01  ,  -0.1436E-01  ,  -0.1425E-01  ,  -0.1701E-01  ,  -0.1972E-01  ,  -0.1599E-01  ,  -0.1467E-01  ,  -0.1445E-01  ,  -0.1916E-01  ,  -0.1935E-01  ,  -0.1458E-01  ,  -0.1289E-01  ,  -0.2075E-01  ,  -0.1959E-01  ,  -0.2321E-01  ,  -0.2378E-01  ,  -0.2155E-01  ,  -0.2077E-01  ,  -0.2324E-01  ,  -0.2439E-01  ,  -0.2765E-01  ,  -0.2993E-01  ,  -0.2817E-01  ,  -0.2293E-01  ,  -0.2259E-01  ,  -0.2137E-01  ,  -0.2393E-01  ,  -0.2536E-01  ,  -0.2475E-01  ,  -0.2274E-01  ,  -0.3265E-01  ,  -0.2679E-01  ,  -0.3465E-01  ,  -0.3633E-01  ,  -0.3380E-01  ,  -0.3516E-01  ,  -0.3603E-01  ,  -0.3648E-01  ,  -0.3553E-01  ,  -0.4298E-01  ,  -0.4190E-01  ,  -0.4249E-01  ,  -0.2484E-01  ,  -0.1915E-01  ,  -0.1285E-01  ,  -0.7548E-02
    61.44    ,    61.44      ,  -0.1082E-02  ,   0.1160E-02  ,   0.2716E-02  ,   0.1176E-01  ,   0.5159E-02  ,  -0.1550E-01  ,  -0.2157E-01  ,  -0.1622E-01  ,  -0.2953E-01  ,  -0.1278E-01  ,  -0.9851E-02  ,  -0.1234E-01  ,  -0.4318E-01  ,  -0.4572E-01  ,  -0.7679E-01  ,  -0.2373E-01  ,  -0.1092E-01  ,  -0.2505E-01  ,  -0.2595E-01  ,    1.000      ,  -0.1472      ,  -0.2547E-01  ,  -0.2549E-01  ,  -0.2120E-01  ,  -0.1769E-01  ,  -0.1930E-01  ,  -0.1728E-01  ,  -0.1849E-01  ,  -0.1593E-01  ,  -0.1245E-01  ,  -0.1283E-01  ,  -0.1348E-01  ,  -0.1549E-01  ,  -0.1509E-01  ,  -0.1675E-01  ,  -0.1489E-01  ,  -0.1404E-01  ,  -0.1399E-01  ,  -0.1436E-01  ,  -0.1681E-01  ,  -0.1499E-01  ,  -0.1763E-01  ,  -0.1488E-01  ,  -0.1370E-01  ,  -0.1384E-01  ,  -0.1272E-01  ,  -0.1437E-01  ,  -0.1808E-01  ,  -0.1459E-01  ,  -0.1320E-01  ,  -0.1299E-01  ,  -0.1756E-01  ,  -0.1786E-01  ,  -0.1318E-01  ,  -0.1138E-01  ,  -0.1927E-01  ,  -0.1837E-01  ,  -0.2206E-01  ,  -0.2282E-01  ,  -0.2166E-01  ,  -0.1978E-01  ,  -0.2338E-01  ,  -0.2343E-01  ,  -0.2782E-01  ,  -0.2925E-01  ,  -0.2840E-01  ,  -0.2250E-01  ,  -0.2139E-01  ,  -0.2106E-01  ,  -0.2241E-01  ,  -0.2487E-01  ,  -0.2316E-01  ,  -0.2203E-01  ,  -0.2947E-01  ,  -0.2601E-01  ,  -0.3233E-01  ,  -0.3516E-01  ,  -0.3228E-01  ,  -0.3327E-01  ,  -0.3386E-01  ,  -0.3409E-01  ,  -0.3328E-01  ,  -0.3935E-01  ,  -0.3922E-01  ,  -0.3986E-01  ,  -0.2236E-01  ,  -0.1793E-01  ,  -0.1202E-01  ,  -0.7099E-02
    101.3    ,    101.3      ,   0.2977E-02  ,   0.1224E-01  ,   0.1867E-01  ,   0.4620E-01  ,   0.3705E-01  ,  -0.3056E-01  ,  -0.4917E-01  ,  -0.3657E-01  ,  -0.7593E-01  ,  -0.2252E-01  ,  -0.4685E-02  ,  -0.5743E-02  ,  -0.4796E-01  ,   0.7711E-01  ,   0.6339E-01  ,  -0.3640E-01  ,   0.7697E-01  ,  -0.4818E-01  ,  -0.6772E-01  ,  -0.1472      ,    1.000      ,   0.4998E-01  ,   0.1054      ,   0.9095E-01  ,   0.1673E-01  ,   0.1242E-01  ,   0.5714E-02  ,   0.3512E-01  ,   0.3292E-01  ,   0.1525E-01  ,   0.1632E-01  ,   0.1778E-01  ,   0.2553E-01  ,   0.2684E-01  ,   0.4824E-01  ,   0.5664E-01  ,   0.4627E-01  ,   0.2902E-01  ,   0.2083E-01  ,   0.2333E-01  ,   0.1482E-01  ,   0.2704E-01  ,   0.1627E-01  ,   0.2047E-01  ,   0.1937E-01  ,   0.1912E-01  ,   0.2426E-01  ,   0.2235E-01  ,   0.1339E-01  ,   0.1616E-01  ,   0.1677E-01  ,   0.2138E-01  ,   0.1645E-01  ,   0.1316E-01  ,   0.1860E-01  ,   0.1653E-01  ,   0.5642E-02  ,   0.1613E-02  ,  -0.5867E-02  ,  -0.8546E-02  ,  -0.5399E-02  ,  -0.9532E-02  ,  -0.7397E-02  ,  -0.1249E-01  ,  -0.2032E-01  ,  -0.1654E-01  ,   0.1320E-01  ,   0.2015E-02  ,   0.8386E-02  ,   0.1551E-01  ,   0.1393E-01  ,   0.1739E-01  ,   0.2347E-01  ,   0.3898E-01  ,   0.2411E-01  ,   0.4266E-01  ,   0.3323E-01  ,   0.4895E-01  ,   0.6134E-01  ,   0.7233E-01  ,   0.7769E-01  ,   0.7483E-01  ,   0.8881E-01  ,   0.8716E-01  ,   0.8813E-01  ,   0.5044E-01  ,   0.3966E-01  ,   0.2721E-01  ,   0.1562E-01
    167.0    ,    167.0      ,   0.5404E-03  ,   0.6958E-02  ,   0.1081E-01  ,   0.3029E-01  ,   0.1986E-01  ,  -0.1793E-01  ,  -0.2801E-01  ,  -0.2074E-01  ,  -0.4858E-01  ,  -0.3141E-01  ,  -0.1849E-01  ,  -0.1945E-01  ,  -0.5654E-01  ,   0.4740E-02  ,   0.1970E-02  ,  -0.2614E-01  ,  -0.1244      ,  -0.2321E-01  ,  -0.2379E-01  ,  -0.2547E-01  ,   0.4998E-01  ,    1.000      ,  -0.1028      ,  -0.1292      ,  -0.1041E-01  ,  -0.8009E-02  ,  -0.8387E-02  ,  -0.7741E-03  ,  -0.3335E-02  ,  -0.2751E-02  ,  -0.1912E-02  ,  -0.1087E-02  ,   0.1037E-02  ,   0.3123E-02  ,   0.1227E-01  ,   0.2296E-01  ,   0.1602E-01  ,   0.3801E-02  ,  -0.3411E-03  ,  -0.1430E-02  ,  -0.3132E-02  ,  -0.1329E-01  ,  -0.1132E-01  ,  -0.1590E-02  ,  -0.2714E-02  ,  -0.1789E-01  ,  -0.1914E-01  ,  -0.7784E-02  ,  -0.4693E-02  ,  -0.3087E-02  ,  -0.7132E-02  ,  -0.5251E-02  ,  -0.7138E-02  ,  -0.4191E-02  ,  -0.2368E-02  ,  -0.1121E-01  ,  -0.1415E-01  ,  -0.1840E-01  ,  -0.1876E-01  ,  -0.1885E-01  ,  -0.1740E-01  ,  -0.2038E-01  ,  -0.2082E-01  ,  -0.2319E-01  ,  -0.2660E-01  ,  -0.2361E-01  ,  -0.9762E-02  ,  -0.1322E-01  ,  -0.1134E-01  ,  -0.1000E-01  ,  -0.1142E-01  ,  -0.9961E-02  ,  -0.6261E-02  ,  -0.5500E-02  ,  -0.7302E-02  ,  -0.5319E-02  ,  -0.8511E-02  ,  -0.2521E-02  ,   0.1079E-02  ,   0.4414E-02  ,   0.6660E-02  ,   0.5701E-02  ,   0.6601E-02  ,   0.6962E-02  ,   0.6430E-02  ,   0.2996E-02  ,   0.2762E-02  ,   0.1930E-02  ,   0.5430E-03
    275.4    ,    275.4      ,   0.3168E-02  ,   0.1141E-01  ,   0.1661E-01  ,   0.4119E-01  ,   0.3174E-01  ,  -0.2378E-01  ,  -0.3910E-01  ,  -0.2870E-01  ,  -0.6772E-01  ,  -0.3646E-01  ,  -0.1767E-01  ,  -0.1806E-01  ,  -0.6993E-01  ,   0.5032E-01  ,   0.5221E-01  ,  -0.2490E-01  ,   0.6684E-01  ,  -0.2617E-01  ,  -0.2791E-01  ,  -0.2549E-01  ,   0.1054      ,  -0.1028      ,    1.000      ,   0.1285      ,   0.3106E-02  ,   0.1462E-01  ,   0.7646E-02  ,  -0.6121E-02  ,  -0.2912E-01  ,   0.1906E-01  ,   0.2105E-01  ,   0.2033E-01  ,   0.2758E-01  ,   0.2353E-01  ,   0.4884E-01  ,   0.6426E-01  ,   0.5732E-01  ,   0.3874E-01  ,   0.2986E-01  ,   0.3388E-01  ,   0.2360E-01  ,   0.3221E-01  ,   0.1928E-01  ,   0.2491E-01  ,   0.2479E-01  ,   0.2165E-01  ,   0.2671E-01  ,   0.3121E-01  ,   0.1985E-01  ,   0.2318E-01  ,   0.1997E-01  ,   0.2872E-01  ,   0.2383E-01  ,   0.1982E-01  ,   0.2533E-01  ,   0.2293E-01  ,   0.1066E-01  ,   0.6986E-02  ,  -0.1792E-02  ,  -0.4984E-02  ,  -0.4362E-03  ,  -0.4776E-02  ,  -0.1472E-02  ,  -0.5914E-02  ,  -0.1425E-01  ,  -0.1045E-01  ,   0.2154E-01  ,   0.7904E-02  ,   0.1408E-01  ,   0.2132E-01  ,   0.1881E-01  ,   0.2155E-01  ,   0.2943E-01  ,   0.4721E-01  ,   0.2822E-01  ,   0.4624E-01  ,   0.2651E-01  ,   0.4215E-01  ,   0.4754E-01  ,   0.5780E-01  ,   0.5409E-01  ,   0.5601E-01  ,   0.6653E-01  ,   0.6052E-01  ,   0.6981E-01  ,   0.4287E-01  ,   0.3035E-01  ,   0.2080E-01  ,   0.1295E-01
    353.6    ,    353.6      ,   0.1927E-02  ,   0.9243E-02  ,   0.1324E-01  ,   0.3261E-01  ,   0.2636E-01  ,  -0.1825E-01  ,  -0.3000E-01  ,  -0.2202E-01  ,  -0.5574E-01  ,  -0.3606E-01  ,  -0.2051E-01  ,  -0.2005E-01  ,  -0.6730E-01  ,   0.4013E-01  ,   0.4190E-01  ,  -0.2196E-01  ,   0.5648E-01  ,  -0.2197E-01  ,  -0.2331E-01  ,  -0.2120E-01  ,   0.9095E-01  ,  -0.1292      ,   0.1285      ,    1.000      ,   0.5095E-01  ,   0.8151E-02  ,   0.2823E-02  ,  -0.1055E-01  ,  -0.3044E-01  ,   0.1206E-01  ,   0.1407E-01  ,   0.1328E-01  ,   0.1906E-01  ,   0.1599E-01  ,   0.3598E-01  ,   0.5156E-01  ,   0.4505E-01  ,   0.2800E-01  ,   0.2029E-01  ,   0.2212E-01  ,   0.1453E-01  ,   0.1838E-01  ,   0.1026E-01  ,   0.1629E-01  ,   0.1620E-01  ,   0.1009E-01  ,   0.1395E-01  ,   0.1883E-01  ,   0.1216E-01  ,   0.1496E-01  ,   0.1178E-01  ,   0.1844E-01  ,   0.1419E-01  ,   0.1189E-01  ,   0.1660E-01  ,   0.1350E-01  ,   0.4384E-02  ,   0.1565E-02  ,  -0.4135E-02  ,  -0.6306E-02  ,  -0.3339E-02  ,  -0.6672E-02  ,  -0.4653E-02  ,  -0.7054E-02  ,  -0.1418E-01  ,  -0.1025E-01  ,   0.1344E-01  ,   0.3041E-02  ,   0.7267E-02  ,   0.1280E-01  ,   0.1140E-01  ,   0.1352E-01  ,   0.1953E-01  ,   0.3111E-01  ,   0.1814E-01  ,   0.3198E-01  ,   0.1904E-01  ,   0.3052E-01  ,   0.3526E-01  ,   0.4290E-01  ,   0.4187E-01  ,   0.4207E-01  ,   0.5068E-01  ,   0.4685E-01  ,   0.5173E-01  ,   0.3130E-01  ,   0.2246E-01  ,   0.1581E-01  ,   0.9971E-02
    454.0    ,    454.0      ,   0.1308E-02  ,   0.6034E-02  ,   0.1011E-01  ,   0.2394E-01  ,   0.1478E-01  ,  -0.1906E-01  ,  -0.2894E-01  ,  -0.2109E-01  ,  -0.3926E-01  ,  -0.5708E-02  ,   0.1685E-02  ,   0.6582E-03  ,  -0.1701E-01  ,  -0.9734E-03  ,   0.3198E-02  ,  -0.1758E-01  ,  -0.1011E-01  ,  -0.1821E-01  ,  -0.1901E-01  ,  -0.1769E-01  ,   0.1673E-01  ,  -0.1041E-01  ,   0.3106E-02  ,   0.5095E-01  ,    1.000      ,   0.6891E-01  ,  -0.3438E-02  ,   0.5095E-02  ,   0.2581E-03  ,   0.3685E-02  ,   0.4483E-02  ,   0.4223E-02  ,   0.6903E-02  ,   0.6237E-02  ,   0.1274E-01  ,   0.1180E-01  ,   0.1086E-01  ,   0.8720E-02  ,   0.7678E-02  ,   0.9005E-02  ,   0.4924E-02  ,   0.9095E-02  ,   0.3823E-02  ,   0.6617E-02  ,   0.6487E-02  ,   0.6471E-02  ,   0.7854E-02  ,   0.6565E-02  ,   0.2389E-02  ,   0.5172E-02  ,   0.4178E-02  ,   0.6226E-02  ,   0.3404E-02  ,   0.3171E-02  ,   0.7113E-02  ,   0.2221E-02  ,  -0.4244E-02  ,  -0.7894E-02  ,  -0.1426E-01  ,  -0.1409E-01  ,  -0.1152E-01  ,  -0.1584E-01  ,  -0.1343E-01  ,  -0.1825E-01  ,  -0.2481E-01  ,  -0.2171E-01  ,  -0.6404E-03  ,  -0.7731E-02  ,  -0.4779E-02  ,  -0.1896E-02  ,  -0.4387E-02  ,  -0.1827E-02  ,   0.2901E-02  ,   0.8143E-02  ,  -0.5091E-03  ,   0.4213E-02  ,  -0.1019E-01  ,   0.8220E-03  ,   0.1662E-02  ,   0.6753E-02  ,   0.3864E-02  ,   0.5538E-02  ,   0.6428E-02  ,   0.2632E-02  ,   0.8839E-02  ,   0.6627E-02  ,   0.2531E-02  ,   0.2366E-02  ,   0.2529E-02
    583.0    ,    583.0      ,   0.1097E-02  ,   0.7256E-02  ,   0.1061E-01  ,   0.2612E-01  ,   0.1612E-01  ,  -0.2151E-01  ,  -0.3240E-01  ,  -0.2384E-01  ,  -0.4275E-01  ,  -0.4011E-02  ,   0.3022E-02  ,   0.1950E-02  ,  -0.1428E-01  ,  -0.9743E-02  ,   0.7920E-02  ,  -0.1935E-01  ,  -0.1795E-01  ,  -0.1954E-01  ,  -0.2060E-01  ,  -0.1930E-01  ,   0.1242E-01  ,  -0.8009E-02  ,   0.1462E-01  ,   0.8151E-02  ,   0.6891E-01  ,    1.000      ,   0.2223      ,   0.8197E-02  ,   0.3047E-02  ,   0.3189E-02  ,   0.3946E-02  ,   0.3617E-02  ,   0.5890E-02  ,   0.5495E-02  ,   0.1149E-01  ,   0.9970E-02  ,   0.8966E-02  ,   0.7791E-02  ,   0.6800E-02  ,   0.8545E-02  ,   0.4040E-02  ,   0.8434E-02  ,   0.3958E-02  ,   0.6942E-02  ,   0.6793E-02  ,   0.5769E-02  ,   0.7777E-02  ,   0.6945E-02  ,   0.2527E-02  ,   0.4501E-02  ,   0.4540E-02  ,   0.5749E-02  ,   0.1926E-02  ,   0.2586E-02  ,   0.7709E-02  ,   0.5623E-03  ,  -0.6478E-02  ,  -0.1063E-01  ,  -0.1695E-01  ,  -0.1655E-01  ,  -0.1280E-01  ,  -0.1852E-01  ,  -0.1632E-01  ,  -0.2162E-01  ,  -0.2835E-01  ,  -0.2507E-01  ,  -0.2583E-02  ,  -0.1035E-01  ,  -0.6252E-02  ,  -0.2777E-02  ,  -0.6356E-02  ,  -0.3659E-02  ,   0.2188E-02  ,   0.6928E-02  ,  -0.2574E-02  ,   0.2074E-02  ,  -0.1346E-01  ,  -0.1247E-02  ,  -0.9734E-03  ,   0.4092E-02  ,   0.1016E-02  ,   0.3341E-02  ,   0.3480E-02  ,  -0.6815E-03  ,   0.6540E-02  ,   0.5877E-02  ,   0.1770E-02  ,   0.1114E-02  ,   0.1671E-02
    748.5    ,    748.5      ,   0.1004E-02  ,   0.5061E-02  ,   0.7716E-02  ,   0.2065E-01  ,   0.1198E-01  ,  -0.1859E-01  ,  -0.2740E-01  ,  -0.2026E-01  ,  -0.3495E-01  ,  -0.3623E-02  ,   0.2064E-02  ,   0.9330E-03  ,  -0.1415E-01  ,  -0.1298E-01  ,   0.4055E-02  ,  -0.1718E-01  ,  -0.9189E-02  ,  -0.1762E-01  ,  -0.1841E-01  ,  -0.1728E-01  ,   0.5714E-02  ,  -0.8387E-02  ,   0.7646E-02  ,   0.2823E-02  ,  -0.3438E-02  ,   0.2223      ,    1.000      ,   0.7090E-02  ,  -0.9223E-04  ,  -0.4101E-03  ,   0.3543E-03  ,   0.1008E-04  ,   0.1089E-02  ,   0.6415E-03  ,   0.3946E-02  ,   0.2372E-02  ,   0.2636E-02  ,   0.1803E-02  ,   0.1930E-02  ,   0.2674E-02  ,  -0.5535E-03  ,   0.2572E-02  ,  -0.5936E-03  ,   0.2027E-02  ,   0.1897E-02  ,   0.8939E-03  ,   0.1844E-02  ,   0.2956E-03  ,  -0.1856E-02  ,   0.8053E-03  ,  -0.1472E-03  ,   0.1423E-03  ,  -0.2318E-02  ,  -0.9645E-03  ,   0.2680E-02  ,  -0.4553E-02  ,  -0.9018E-02  ,  -0.1261E-01  ,  -0.1734E-01  ,  -0.1697E-01  ,  -0.1459E-01  ,  -0.1868E-01  ,  -0.1762E-01  ,  -0.2227E-01  ,  -0.2729E-01  ,  -0.2450E-01  ,  -0.6443E-02  ,  -0.1259E-01  ,  -0.9021E-02  ,  -0.7879E-02  ,  -0.1036E-01  ,  -0.8019E-02  ,  -0.3681E-02  ,  -0.2351E-02  ,  -0.7434E-02  ,  -0.5762E-02  ,  -0.1744E-01  ,  -0.7437E-02  ,  -0.6603E-02  ,  -0.2415E-02  ,  -0.4763E-02  ,  -0.2772E-02  ,  -0.4439E-02  ,  -0.7116E-02  ,  -0.2946E-02  ,  -0.6767E-04  ,  -0.1968E-02  ,  -0.7189E-03  ,  -0.2096E-03
